0,0.014171036446431029,0.04252620709825061,0.028355170651819583,0.028355170651819583
1,0.013906076369837872,0.021588600828704767,0.0076825244588668955,0.0076825244588668955
2,0.02726749760766234,0.017134793749429944,0.010132703858232395,0.010132703858232395
3,0.014843274931703954,0.022556886601998893,0.00771361167029494,0.00771361167029494
4,0.018248642345406074,0.020141078836848698,0.0018924364914426235,0.0018924364914426235
5,0.02400441857690294,0.03310500505301953,0.009100586476116591,0.009100586476116591
6,0.025314573828473352,0.029652208178336508,0.004337634349863156,0.004337634349863156
7,0.015122969987124257,0.027795780540978976,0.012672810553854719,0.012672810553854719
8,0.019249662533045886,0.01126126746693971,0.007988395066106177,0.007988395066106177
9,0.027193882611814546,0.03403241024481144,0.006838527632996895,0.006838527632996895
10,0.021467546388828085,0.02034879611629085,0.001118750272537234,0.001118750272537234
11,0.027620777709786548,0.025268741655170197,0.0023520360546163514,0.0023520360546163514
12,0.026030957351939832,0.018827659128586933,0.007203298223352899,0.007203298223352899
13,0.030304819991269216,0.01941812646780755,0.010886693523461666,0.010886693523461666
14,0.04805789385160841,0.025458489448237698,0.022599404403370715,0.022599404403370715
15,0.04703722702553248,0.04908666691264896,0.0020494398871164776,0.0020494398871164776
16,0.054701752048880836,0.03524603940540649,0.019455712643474343,0.019455712643474343
17,0.04746903378311351,0.056850982483664124,0.009381948700550612,0.009381948700550612
18,0.04476534486319472,0.05015637047043157,0.005391025607236845,0.005391025607236845
19,0.021472458048437115,0.05106251177001353,0.029590053721576415,0.029590053721576415
20,0.022061288167788073,0.027121904835836357,0.005060616668048284,0.005060616668048284
21,0.03131566349812709,0.025268741655170197,0.006046921842956892,0.006046921842956892
22,0.026413707411718335,0.03643842463988748,0.010024717228169146,0.010024717228169146
23,0.020172156065228763,0.02491053991038898,0.004738383845160215,0.004738383845160215
24,0.02997609818719027,0.03310500505301953,0.003128906865829263,0.003128906865829263
25,0.0236314918363425,0.03352864567734818,0.00989715384100568,0.00989715384100568
26,0.0233076217935847,0.032054948133673156,0.008747326340088457,0.008747326340088457
27,0.03532453611171937,0.025039750500470137,0.010284785611249236,0.010284785611249236
28,0.03855329342350344,0.03719079705134304,0.0013624963721604044,0.0013624963721604044
29,0.0381214866659223,0.041314205174477335,0.0031927185085550355,0.0031927185085550355
30,0.05227778813352624,0.02822595007869037,0.024051838054835867,0.024051838054835867
31,0.05954482811826889,0.048316295065674884,0.011228533052594004,0.011228533052594004
32,0.05988343313985389,0.07849027723004116,0.01860684409018727,0.01860684409018727
33,0.06083533673140318,0.07197232523396664,0.011136988502563464,0.011136988502563464
34,0.050545649443592855,0.060565474978248934,0.01001982553465608,0.01001982553465608
35,0.05179201301853342,0.0534537911862624,0.0016617781677289792,0.0016617781677289792
36,0.050231602720053115,0.05016619378964967,6.54089304034447e-05,6.54089304034447e-05
37,0.04423051305039938,0.05001736651027622,0.0057868534598768395,0.0057868534598768395
38,0.05071737783504582,0.03440206254563253,0.01631531528941329,0.01631531528941329
39,0.045884125084875826,0.05506651265618878,0.009182387571312955,0.009182387571312955
40,0.05077134619245749,0.04039007442242474,0.01038127177003275,0.01038127177003275
41,0.050550561103201885,0.05351103398341343,0.0029604728802115413,0.0029604728802115413
42,0.048793924013511125,0.0544531541879365,0.005659230174425378,0.005659230174425378
43,0.04126674576435241,0.04920119243914293,0.00793444667479052,0.00793444667479052
44,0.04493713315293568,0.036392622415728305,0.008544510737207377,0.008544510737207377
45,0.05337201005716208,0.03339615066447965,0.019975859392682427,0.019975859392682427
46,0.07030561544053271,0.060835376663595064,0.009470238776937645,0.009470238776937645
47,0.08001632587735419,0.07046264878535058,0.00955367709200361,0.00955367709200361
48,0.08019787758802532,0.08057733324196847,0.0003794556539431504,0.0003794556539431504
49,0.07883375397904324,0.08175499348067035,0.002921239501627107,0.002921239501627107
50,0.07244500259000197,0.07047734383198578,0.0019676587580161886,0.0019676587580161886
51,0.07097785392580569,0.07694787635012734,0.005970022424321653,0.005970022424321653
52,0.07545291491424244,0.07345908060440724,0.001993834309835199,0.001993834309835199
53,0.0800310009578934,0.072981471622667,0.007049529335226401,0.007049529335226401
54,0.07780823539164616,0.08137388064076152,0.0035656452491153595,0.0035656452491153595
55,0.08631181563211143,0.0694223752530303,0.016889440379081133,0.016889440379081133
56,0.0863805189683502,0.09086210887016972,0.00448158990181953,0.00448158990181953
57,0.09678305463059289,0.08954217023157314,0.007240884399019751,0.007240884399019751
58,0.09413339396637355,0.10123034277953291,0.007096948813159365,0.007096948813159365
59,0.0950067709024659,0.09197434021237216,0.0030324306900937348,0.0030324306900937348
60,0.08903023953085742,0.09912200290929978,0.01009176337844235,0.01009176337844235
61,0.08796051600697885,0.08584239274971954,0.0021181232572593106,0.0021181232572593106
62,0.07291119096484644,0.09304729824379816,0.020136107278951723,0.020136107278951723
63,0.06979528202749474,0.07734206698289765,0.00754678495540291,0.00754678495540291
64,0.062690147114987,0.07001448979516862,0.007324342680181631,0.007324342680181631
65,0.06771477489504618,0.04262595771372546,0.02508881718132072,0.02508881718132072
66,0.06841648333797345,0.08286065597729804,0.014444172639324585,0.014444172639324585
67,0.0742114629989108,0.05200952366804975,0.022201939330861044,0.022201939330861044
68,0.06215531530219165,0.08001628594516223,0.017860970642970583,0.017860970642970583
69,0.07264620093910934,0.07308617382994283,0.0004399728908334871,0.0004399728908334871
70,0.08044813263493522,0.0737911167804175,0.006657015854517723,0.006657015854517723
71,0.08725886746233957,0.07947490525288818,0.007783962209451392,0.007783962209451392
72,0.08666509573423564,0.09078851384041786,0.0041234181061822195,0.0041234181061822195
73,0.08718525246649167,0.09274143761960689,0.00555618515311522,0.00555618515311522
74,0.10169974569582885,0.08577696385322013,0.015922781842608716,0.015922781842608716
75,0.10431999630068178,0.10799036372316899,0.0036703674224872057,0.0036703674224872057
76,0.10188620906610901,0.10072655824597365,0.0011596508201353606,0.0011596508201353606
77,0.10921710062576939,0.10521469702727197,0.00400240359849742,0.00400240359849742
78,0.10778427368054855,0.11137771173525661,0.003593438054708062,0.003593438054708062
79,0.10340732608771697,0.10654445898508658,0.00313713289736961,0.00313713289736961
80,0.10240145413875601,0.10373447057021416,0.0013330164314581533,0.0013330164314581533
81,0.11250467805628617,0.09962742466272874,0.012877253393557428,0.012877253393557428
82,0.13339809935544655,0.10821608043812958,0.025182018917316973,0.025182018917316973
83,0.1410626243787948,0.13291398142641941,0.008148642952375384,0.008148642952375384
84,0.14333450654113267,0.14770983688019046,0.0043753303390577925,0.0043753303390577925
85,0.12869734161814506,0.1374168352204488,0.008719493602303757,0.008719493602303757
86,0.11949205293475251,0.12340283211883567,0.003910779184083155,0.003910779184083155
87,0.11827515931746624,0.10076581159065412,0.01750934772681212,0.01750934772681212
88,0.11962454794762112,0.1296378246027985,0.010013276655177372,0.010013276655177372
89,0.12263737193147062,0.09931174071931932,0.023325631212151296,0.023325631212151296
90,0.12144006505433258,0.12158565782615853,0.00014559277182595032,0.00014559277182595032
91,0.12196022178658861,0.12497793746395121,0.0030177156773626007,0.0030177156773626007
92,0.13052268204407458,0.12080057096645329,0.00972211107762129,0.00972211107762129
93,0.1321861173977692,0.12692433232975744,0.005261785068011754,0.005261785068011754
94,0.13389860944926635,0.131124619905431,0.0027739895438353424,0.0027739895438353424
95,0.12826062320095488,0.13718131515236606,0.00892069195141118,0.00892069195141118
96,0.1269848495666479,0.1259184204486046,0.001066429118043305,0.001066429118043305
97,0.13046380202705388,0.12529362140736058,0.005170180619693293,0.005170180619693293
98,0.11686197901068152,0.13203237845878668,0.015170399448105165,0.015170399448105165
99,0.11299045317127887,0.0998613274770378,0.013129125694241073,0.013129125694241073
100,0.11027694093214191,0.11618646608566925,0.005909525153527342,0.005909525153527342
101,0.11361854661835824,0.1124556013923876,0.0011629452259706435,0.0011629452259706435
102,0.11060081097489971,0.10953601907672621,0.0010647918981735033,0.0010647918981735033
103,0.11340261329042378,0.11325053153740694,0.00015208175301684168,0.00015208175301684168
104,0.11244579803926547,0.10892102338860428,0.003524774650661186,0.003524774650661186
105,0.11993859467116075,0.11270258199955818,0.007236012671602565,0.007236012671602565
106,0.13032639535457624,0.12412251004813746,0.006203885306438783,0.006203885306438783
107,0.1250908058044795,0.1237217705358884,0.0013690352685911122,0.0013690352685911122
108,0.13399678274315951,0.12103936547427545,0.012957417268884067,0.012957417268884067
109,0.12900156502246662,0.1329614208704483,0.003959855847981669,0.003959855847981669
110,0.11873146447480465,0.12393279220421387,0.005201327729409219,0.005201327729409219
111,0.10833384047217098,0.13218939183750858,0.023855551365337596,0.023855551365337596
112,0.10317180601963416,0.10218554077691751,0.0009862652427166524,0.0009862652427166524
113,0.09579185776217125,0.10373447057021416,0.007942612808042912,0.007942612808042912
114,0.09254842536984798,0.09930030014632756,0.00675187477647958,0.00675187477647958
115,0.09245522363385184,0.08963050024015218,0.0028247233936996574,0.0028247233936996574
116,0.09869674503119741,0.08754999310770366,0.01114675192349375,0.01114675192349375
117,0.09156214016103537,0.10644958009702883,0.014887439935993466,0.014887439935993466
118,0.09770063650316674,0.086136812800919,0.011563823702247733,0.011563823702247733
119,0.09632674947325448,0.102730195908931,0.006403446435676516,0.006403446435676516
120,0.08824024101154315,0.10123034277953291,0.012990101767989759,0.012990101767989759
121,0.09077705330133001,0.0818792824280945,0.008897770873235511,0.008897770873235511
122,0.09562012937071818,0.07830706833340435,0.017313061037313823,0.017313061037313823
123,0.10336318104952347,0.09862967891482832,0.0047335021346951445,0.0047335021346951445
124,0.09316669549770928,0.10681272345056307,0.013646027952853787,0.013646027952853787
125,0.09673890959239928,0.09420533181015982,0.002533577782239463,0.002533577782239463
126,0.10227387078549655,0.09851685050649191,0.0037570202790046386,0.0037570202790046386
127,0.10023259703163256,0.10371811833761328,0.0034855213059807183,0.0034855213059807183
128,0.1071758268719053,0.10406978118596373,0.003106045685941569,0.003106045685941569
129,0.1066017017822376,0.10210537690159094,0.004496324880646663,0.004496324880646663
130,0.10750460857427224,0.10383424115178501,0.0036703674224872335,0.0036703674224872335
131,0.10985986915338797,0.10668512013120761,0.0031747490221803593,0.0031747490221803593
132,0.11125340282173646,0.11596566103031762,0.004712258208581163,0.004712258208581163
133,0.0941971257447154,0.11152985338656134,0.017332727641845944,0.017332727641845944
134,0.0888780978795527,0.0957166454786456,0.006838547599092901,0.006838547599092901
135,0.08476614031245822,0.08690718464789308,0.002141044335434869,0.002141044335434869
136,0.07978565757059253,0.0880570321149063,0.008271374544313773,0.008271374544313773
137,0.05152211133318729,0.08103204111162916,0.02950992977844187,0.02950992977844187
138,0.050589794481786354,0.05524806436685992,0.004658269885073563,0.004658269885073563
139,0.06568332446040026,0.048823354038973456,0.016859970421426805,0.016859970421426805
140,0.056934400832634124,0.07529753875539025,0.018363137922756123,0.018363137922756123
141,0.07117905227491306,0.05355356176783329,0.017625490507079768,0.017625490507079768
142,0.06843607007812169,0.07143419901533603,0.0029981289372143366,0.0029981289372143366
143,0.05483424706174933,0.06625417511032865,0.011419928048579317,0.011419928048579317
144,0.059000172986255484,0.05300726941595013,0.005992903570305352,0.005992903570305352
145,0.061306436765856676,0.06026780045340607,0.0010386363124506026,0.0010386363124506026
146,0.06254782878290033,0.06930788965872829,0.006760060875827964,0.006760060875827964
147,0.03655125304822382,0.053013798329332916,0.016462545281109096,0.016462545281109096
148,0.05856345456906531,0.04058963555166243,0.01797381901740288,0.01797381901740288
149,0.04673791528081994,0.0636061117337871,0.016868196452967152,0.016868196452967152
150,0.0215215446953837,0.046459867428317314,0.024938322732933615,0.024938322732933615
151,0.02943629481649801,0.02466356928626638,0.004772725530231631,0.004772725530231631
152,0.04933857914552453,0.03395556074141622,0.015383018404108308,0.015383018404108308
153,0.04601662009774443,0.05164316577306408,0.005626545675319651,0.005626545675319651
154,0.040025353747308756,0.043972071904140986,0.00394671815683223,0.00394671815683223
155,0.031340161897884466,0.05624579014866434,0.024905628250779875,0.024905628250779875
156,0.03905380351732324,0.03222505927135252,0.006828744245970721,0.006828744245970721
157,0.05749379094347473,0.0497883553894802,0.007705435553994534,0.007705435553994534
158,0.05210114808246413,0.06585836722378464,0.013757219141320512,0.013757219141320512
159,0.04412748799518518,0.05345540844003612,0.009327920444850944,0.009327920444850944
160,0.030623778374417987,0.041099929032508475,0.010476150658090488,0.010476150658090488
161,0.02935782805932896,0.03943978808464921,0.010081960025320247,0.010081960025320247
162,0.03309194722625408,0.04040153496151252,0.007309587735258437,0.007309587735258437
163,0.04342086789264887,0.04263905547268295,0.0007818124199659229,0.0007818124199659229
164,0.04184087085402022,0.04125859959719602,0.0005822712568241961,0.0005822712568241961
165,0.021482281367655176,0.04421090634415514,0.022728624976499967,0.022728624976499967
166,0.02430864198122451,0.02637278689802421,0.002064144916799699,0.002064144916799699
167,0.03012326828059808,0.028049310027628265,0.002073958252969816,0.002073958252969816
168,0.023386148449041633,0.03361042680644847,0.010224278357406837,0.010224278357406837
169,0.03552573446082674,0.024972684384101013,0.010553050076725728,0.010553050076725728
170,0.03345996230720538,0.04750339543428095,0.014043433127075566,0.014043433127075566
171,0.053980456865805326,0.04115391735601607,0.012826539509789257,0.012826539509789257
172,0.05499621203227223,0.059396020804991435,0.004399808772719206,0.004399808772719206
173,0.0580041243565127,0.053339285625864395,0.004664838730648303,0.004664838730648303
174,0.06389236565173406,0.06053768217265624,0.003354683479077823,0.003354683479077823
175,0.03660522140563549,0.05840971563008283,0.021804494224447336,0.021804494224447336
176,0.04539343831027409,0.044979640971259505,0.0004137973390145877,0.0004137973390145877
177,0.029617846527169145,0.05108050122248409,0.021462654695314942,0.021462654695314942
178,0.031075231770435252,0.03872665903482612,0.007651427264390866,0.007651427264390866
179,0.0370615864612619,0.03288913162337296,0.004172454837888938,0.004172454837888938
180,0.04291550603750782,0.04544740666768573,0.0025319006301779065,0.0025319006301779065
181,0.042042069203127586,0.03188319977612416,0.010158869427003427,0.010158869427003427
182,0.032326447106697076,0.04059618443114118,0.008269737324444103,0.008269737324444103
183,0.019779612635376087,0.03556987949902032,0.01579026686364423,0.01579026686364423
184,0.02575614400698456,0.034511656446421436,0.008755512439436876,0.008755512439436876
185,0.02295925335106963,0.021866648681207412,0.0010926046698622183,0.0010926046698622183
186,0.01628589524699897,0.03138596412204361,0.015100068875044635,0.015100068875044635
187,0.0016290836855751833,0.020500907818451635,0.018871824132876452,0.018871824132876452
188,0.0,0.024068200270484657,0.024068200270484657,0.024068200270484657
189,0.031031026833953756,0.013724524659166737,0.01730650217478702,0.01730650217478702
190,0.03319988394107731,0.034176365796767826,0.0009764818556905128,0.0009764818556905128
191,0.029863189914470012,0.047158281465409235,0.017295091550939223,0.017295091550939223
192,0.029141894731394502,0.026030957351939794,0.0031109373794547084,0.0031109373794547084
193,0.03416652251145369,0.04004334319977931,0.0058768206883256235,0.0058768206883256235
194,0.019548974277758424,0.04919300633979451,0.029644032062036085,0.029644032062036085
195,0.0463649885402595,0.02764204160199646,0.01872294693826304,0.01872294693826304
196,0.04522662157843005,0.043298196198998364,0.001928425379431685,0.001928425379431685
197,0.049098147417832694,0.03482077154425611,0.014277375873576581,0.014277375873576581
198,0.04830323723890939,0.046217798480755766,0.002085438758153625,0.002085438758153625
199,0.046178525169979334,0.05042788940955142,0.004249364239572083,0.004249364239572083
200,0.03973089376391736,0.0433963495267955,0.0036654557628781337,0.0036654557628781337
201,0.03359730908139502,0.05549340775416082,0.021896098672765797,0.021896098672765797
202,0.049525042515804696,0.04263905547268295,0.006885987043121745,0.006885987043121745
203,0.05139943963953686,0.04984889259246661,0.0015505470470702498,0.0015505470470702498
204,0.05578129889197747,0.05353882678900612,0.002242472102971349,0.002242472102971349
205,0.05988343313985389,0.056124755674883585,0.0037586774649703072,0.0037586774649703072
206,0.04627178680426336,0.07682684187634659,0.030555055072083226,0.030555055072083226
207,0.04874971907702963,0.04212383036613184,0.0066258887108977885,0.0066258887108977885
208,0.04793031049834895,0.04698000419447742,0.0009503063038715301,0.0009503063038715301
209,0.056316130704772815,0.045993699019568846,0.01032243168520397,0.01032243168520397
210,0.0460558534763289,0.06452205638649126,0.018466202910162363,0.018466202910162363
211,0.041413975756048105,0.04350919790122787,0.002095222145179765,0.002095222145179765
212,0.05536913877283267,0.03291528720909598,0.022453851563736693,0.022453851563736693
213,0.06876976344009766,0.05714540253486359,0.011624360905234075,0.011624360905234075
214,0.06601210616276709,0.07099256893853685,0.004980462775769759,0.004980462775769759
215,0.07683177350205161,0.07346235504414662,0.0033694184579049907,0.0033694184579049907
216,0.08330390330787096,0.09426748626691987,0.01096358295904891,0.01096358295904891
217,0.06821037332925706,0.07942257411534621,0.011212200786089158,0.011212200786089158
218,0.060104218229109496,0.0566023646566239,0.003501853572485593,0.003501853572485593
219,0.0583132594204433,0.05778819102857816,0.0005250683918651342,0.0005250683918651342
220,0.058288701122398034,0.06061782608188685,0.0023291249594888166,0.0023291249594888166
221,0.07122319731310656,0.05630632735165068,0.01491686996145588,0.01491686996145588
222,0.07062948548329051,0.07070306054694642,7.357506365590627e-05,7.357506365590627e-05
223,0.07137042730480225,0.07742057367225863,0.006050146367456377,0.006050146367456377
224,0.06743510978876988,0.0717400596395273,0.004304949850757425,0.004304949850757425
225,0.06984439862358527,0.08238468421542744,0.01254028559184217,0.01254028559184217
226,0.06750872478461778,0.06840829723862503,0.0008995724540072497,0.0008995724540072497
227,0.05925042803316538,0.0859160077455674,0.02666557971240202,0.02666557971240202
228,0.06582564279248693,0.06314323773087398,0.0026824050616129497,0.0026824050616129497
229,0.06534969099671228,0.07249244203403087,0.0071427510373185815,0.0071427510373185815
230,0.06816131663145442,0.06866508119891775,0.0005037645674633301,0.0005037645674633301
231,0.06861277002747179,0.07558211552127563,0.006969345493803833,0.006969345493803833
232,0.07051172544924911,0.06458910253676435,0.005922622912484757,0.005922622912484757
233,0.08085046943486207,0.07018460093284795,0.01066586850201412,0.01066586850201412
234,0.0841920751210784,0.08228327641398696,0.0019087987070914442,0.0019087987070914442
235,0.09117453833993572,0.08493788867000722,0.0062366496699284985,0.0062366496699284985
236,0.0891283529264626,0.07935550799897706,0.009772844927485536,0.009772844927485536
237,0.08198398463537038,0.08783456987358902,0.005850585238218645,0.005850585238218645
238,0.08150306128169871,0.08870636948809962,0.007203308206400916,0.007203308206400916
239,0.09791165817149217,0.08095187723630255,0.016959780935189614,0.016959780935189614
240,0.1064692067693691,0.10287576871466102,0.0035934380547080896,0.0035934380547080896
241,0.10652808678638981,0.10415974841441249,0.0023683383719773216,0.0023683383719773216
242,0.10271550086229575,0.1054306103891105,0.002715109526814752,0.002715109526814752
243,0.10218060915121252,0.10577899879772157,0.003598389646509048,0.003598389646509048
244,0.10208249575560735,0.10201379241936855,6.870333623880398e-05,6.870333623880398e-05
245,0.10924159902552677,0.09962742466272874,0.00961417436279803,0.00961417436279803
246,0.12156764840759204,0.10678325349290878,0.014784394914683266,0.014784394914683266
247,0.12528218083436882,0.12387061778135781,0.001411563053011003,0.001411563053011003
248,0.11250467805628617,0.1289688605572649,0.016464182500978725,0.016464182500978725
249,0.10637109337376383,0.11722508243202383,0.010853989058260002,0.010853989058260002
250,0.10225913580666945,0.1044034346157477,0.0021442988090782517,0.0021442988090782517
251,0.09656718120094632,0.1049399236145087,0.008372742413562381,0.008372742413562381
252,0.09434435573641109,0.1011600221895204,0.006815666453109312,0.006815666453109312
253,0.09670949953303298,0.09452918188682162,0.0021803176462113633,0.0021803176462113633
254,0.1070728018166911,0.09691720682942706,0.010155594987264038,0.010155594987264038
255,0.11004633252366824,0.10095716665444739,0.009089165869220858,0.009089165869220858
256,0.11271078806500257,0.11275818757683949,4.739951183692359e-05,4.739951183692359e-05
257,0.11716620241500308,0.11982408911076281,0.002657886695759726,0.002657886695759726
258,0.11331432321403667,0.11184062567036168,0.00147369754367499,0.00147369754367499
259,0.11169012123892663,0.1091729156553839,0.0025172055835427365,0.0025172055835427365
260,0.10845651216582142,0.10850720608349373,5.069391767231757e-05,5.069391767231757e-05
261,0.11086580100063681,0.09892246174615808,0.011943339254478727,0.011943339254478727
262,0.11207287129870513,0.10721997191009887,0.004852899388606266,0.004852899388606266
263,0.11857447106217878,0.10954747961581394,0.009026991446364832,0.009026991446364832
264,0.12015937976041646,0.12391150834590799,0.0037521285854915237,0.0037521285854915237
265,0.12311823538685429,0.12652523003737812,0.0034069946505238258,0.0034069946505238258
266,0.12763744141348454,0.12171324117941806,0.005924200234066479,0.005924200234066479
267,0.12765217639231174,0.13040655922990288,0.002754382837591135,0.002754382837591135
268,0.13377102609600688,0.12836694266200452,0.005404083434002366,0.005404083434002366
269,0.14147975605583674,0.1327749375340721,0.008704818521764635,0.008704818521764635
270,0.1372843601736763,0.1493192639442815,0.012034903770605204,0.012034903770605204
271,0.14093995268514437,0.13928308617702453,0.0016568665081198308,0.0016568665081198308
272,0.1452236985419798,0.1470801062132414,0.0018564076712616062,0.0018564076712616062
273,0.15278022695221694,0.14047546142845757,0.012304765523759364,0.012304765523759364
274,0.10415317956883774,0.15068502477313325,0.04653184520429551,0.04653184520429551
275,0.09414315738730372,0.09785930706785421,0.003716149680550493,0.003716149680550493
276,0.09145911510582105,0.09315689214458711,0.0016977770387660573,0.0016977770387660573
277,0.10264188586644785,0.0844897296798253,0.01815215618662254,0.01815215618662254
278,0.10459972130524597,0.10497262807971042,0.0003729067744644432,0.0003729067744644432
279,0.09709710135413252,0.09957673074505642,0.0024796293909239014,0.0024796293909239014
280,0.09325504547238428,0.10492031690826442,0.011665271435880142,0.011665271435880142
281,0.09134626673138879,0.09600287943049664,0.0046566126991078455,0.0046566126991078455
282,0.0922736719231807,0.09052354378077669,0.0017501281424040088,0.0017501281424040088
283,0.07645393510188214,0.09730974027623174,0.020855805174349595,0.020855805174349595
284,0.07076683225748026,0.09553509376797446,0.024768261510494202,0.024768261510494202
285,0.0922442019655264,0.0688401039962061,0.023404097969320303,0.023404097969320303
286,0.09949165521012082,0.08963050024015218,0.009861154969968644,0.009861154969968644
287,0.09130703335280421,0.10259442645632304,0.011287393103518825,0.011287393103518825
288,0.07980039254941962,0.09468130357203038,0.014880911022610757,0.014880911022610757
289,0.08509001035521602,0.0698427414376196,0.015247268917596424,0.015247268917596424
290,0.08596835884920528,0.08711816638402663,0.0011498075348213427,0.0011498075348213427
291,0.08074253272003873,0.09256807200828417,0.011825539288245437,0.011825539288245437
292,0.07716049530613056,0.0846271363523029,0.00746664104617234,0.00746664104617234
293,0.07749418866810642,0.07135894679961848,0.006135241868487948,0.006135241868487948
294,0.06881390847829116,0.07525501097097038,0.006441102492679221,0.006441102492679221
295,0.06954502698058485,0.06981492866593093,0.0002699016853460884,0.0002699016853460884
296,0.06251841872353392,0.06658129962672987,0.004062880903195953,0.004062880903195953
297,0.02944611813571607,0.055382176633502166,0.025936058497786095,0.025936058497786095
298,0.03769950322755933,0.03783525271407129,0.00013574948651196017,0.00013574948651196017
299,0.03238532712371778,0.03645477687248836,0.004069449748770583,0.004069449748770583
300,0.03342558068994206,0.031021223480831656,0.002404357209110402,0.002404357209110402
301,0.044073519637773506,0.04445622976536001,0.00038271012758650524,0.00038271012758650524
302,0.05110995121404249,0.04106067568782801,0.010049275526214485,0.010049275526214485
303,0.050295394396682847,0.054826080928496945,0.004530686531814099,0.004530686531814099
304,0.049466162498784105,0.04827215002748131,0.0011940124713027966,0.0011940124713027966
305,0.055226820440746005,0.04857309899206356,0.006653721448682447,0.006653721448682447
306,0.05354865010822418,0.06192468692762195,0.008376036819397768,0.008376036819397768
307,0.05705707252628456,0.05870906730698733,0.0016519947807027702,0.0016519947807027702
308,0.06250368374470683,0.05644535127790203,0.006058332466804796,0.006058332466804796
309,0.06188050195723649,0.044570715359662026,0.017309786597574463,0.017309786597574463
310,0.06634088786513392,0.07541038712982258,0.009069499264688655,0.009069499264688655
311,0.07147345236001645,0.07728971587925974,0.005816263519243289,0.005816263519243289
312,0.06835269166134372,0.07143419901533603,0.003081507353992305,0.003081507353992305
313,0.05403933688282603,0.05873356570674467,0.004694228823918643,0.004694228823918643
314,0.050825374448157046,0.0531741061138901,0.0023487316657330518,0.0023487316657330518
315,0.0489656524049642,0.05403933688282599,0.005073684477861794,0.005073684477861794
316,0.05137002958017045,0.045833431167203585,0.005536598412966866,0.005536598412966866
317,0.059731291488549165,0.05222216259014889,0.007509128898400275,0.007509128898400275
318,0.06625744955006796,0.07016495429441172,0.003907504744343759,0.003907504744343759
319,0.07132622236832076,0.0773387925431583,0.006012570174837542,0.006012570174837542
320,0.07623800177394768,0.06883355511672735,0.007404446657220329,0.007404446657220329
321,0.06875994012087949,0.09620405781350805,0.027444117692628556,0.027444117692628556
322,0.07292095438577662,0.06868961953086701,0.004231334854909605,0.004231334854909605
323,0.08060021438795206,0.07374042286274522,0.00685979152520684,0.00685979152520684
324,0.08243046647349073,0.08287047929651618,0.00044001282302545686,0.00044001282302545686
325,0.08276907149507562,0.07838393780289561,0.004385133692180007,0.004385133692180007
326,0.08543837879773108,0.0767565212863341,0.008681857511396981,0.008681857511396981
327,0.08702819915557791,0.08708384466505115,5.5645509473234434e-05,5.5645509473234434e-05
328,0.08348054335893307,0.09185003129885205,0.008369487939918985,0.008369487939918985
329,0.0834707200397149,0.07433579187852694,0.009134928161187952,0.009134928161187952
330,0.07550688327165411,0.0769904041345472,0.0014835208628930924,0.0014835208628930924
331,0.07941764248964123,0.07318592444541772,0.006231718044223511,0.006231718044223511
332,0.0834118400226943,0.07103673394282635,0.012375106079867956,0.012375106079867956
333,0.07929011903466965,0.07572932554687535,0.0035607934877942976,0.0035607934877942976
334,0.07649808014007575,0.06912631798196119,0.007371762158114567,0.007371762158114567
335,0.13454143787517292,0.07427689189541024,0.060264545979762676,0.060264545979762676
336,0.1291438833545533,0.13291398142641941,0.0037700980718661237,0.0037700980718661237
337,0.12214177349725974,0.12279602253006217,0.0006542490328024231,0.0006542490328024231
338,0.11799058255158079,0.12369723220393913,0.005706649652358342,0.005706649652358342
339,0.11422699342700149,0.13045236145406205,0.016225368027060566,0.016225368027060566
340,0.10685686848875664,0.11385406668644109,0.006997198197684448,0.006997198197684448
341,0.0864099290277166,0.10805088096005937,0.021640951932342764,0.021640951932342764
342,0.09506073925987757,0.09011627535514492,0.004944463904732646,0.004944463904732646
343,0.09704313299672096,0.09645103842067859,0.0005920945760423679,0.0005920945760423679
344,0.11216122127338013,0.09655410340808479,0.015607117865295339,0.015607117865295339
345,0.10392257116036396,0.10962762352504458,0.005705052364680621,0.005705052364680621
346,0.09739641309884506,0.10088684606443492,0.0034904329655898597,0.0034904329655898597
347,0.10846633548503959,0.10058100540633963,0.00788533007869996,0.00788533007869996
348,0.09228349524239876,0.10511656366557076,0.012833068423172,0.012833068423172
349,0.09374082058737698,0.09154744511440012,0.0021933754729768634,0.0021933754729768634
350,0.09881450506523881,0.09401723122000989,0.004797273845228919,0.004797273845228919
351,0.10904531233602843,0.09556779823317618,0.01347751410285225,0.01347751410285225
352,0.10131208397644131,0.10721180577684646,0.005899721800405142,0.005899721800405142
353,0.10551239151821079,0.10964233853777579,0.004129947019564997,0.004129947019564997
354,0.10466842464148474,0.09737680639260086,0.0072916182488838716,0.0072916182488838716
355,0.08590456717257555,0.10330757547224208,0.017403008299666525,0.017403008299666525
356,0.09454064242590943,0.08471708361465562,0.00982355881125381,0.00982355881125381
357,0.09402539735326232,0.09542388261341184,0.001398485260149518,0.001398485260149518
358,0.09558580765174274,0.09178132796261322,0.003804479689129517,0.003804479689129517
359,0.10629747837791603,0.09765157980536414,0.008645898572551894,0.008645898572551894
360,0.10396671619855757,0.10383424115178501,0.00013247504677256494,0.00013247504677256494
361,0.09429529903860856,0.10192055075118041,0.007625251712571848,0.007625251712571848
362,0.10068405042764983,0.09234890417280224,0.008335146254847589,0.008335146254847589
363,0.1153899186868762,0.10566940489693262,0.009720513789943583,0.009720513789943583
364,0.11222501295000986,0.11356783273459008,0.0013428197845802153,0.0013428197845802153
365,0.11196984624349082,0.10694519849733564,0.005024647746155186,0.005024647746155186
366,0.11275002144358703,0.11148896282201119,0.0012610586215758418,0.0012610586215758418
367,0.11970307460307805,0.12028041423419718,0.0005773396311191253,0.0005773396311191253
368,0.12661192282608746,0.0979868904211137,0.028625032404973758,0.028625032404973758
369,0.1292174983504012,0.14290108252977782,0.013683584179376623,0.013683584179376623
370,0.12516442080032741,0.1217884734290396,0.00337594737128781,0.00337594737128781
371,0.12410943225527593,0.12510060915760166,0.0009911769023257244,0.0009911769023257244
372,0.12570907593234082,0.1293794034226361,0.0036703274902952776,0.0036703274902952776
373,0.12880036667335926,0.13861412213149094,0.009813755458131679,0.009813755458131679
374,0.12449218231505443,0.12012176363560563,0.004370418679448804,0.004370418679448804
375,0.12650398611126423,0.12793843031025876,0.0014344441989945222,0.0014344441989945222
376,0.11901118947936884,0.14630318548678858,0.027291996007419744,0.027291996007419744
377,0.13263265913417743,0.11360053719979175,0.01903212193438568,0.01903212193438568
378,0.1301154335845388,0.13238567852700686,0.0022702449424680526,0.0022702449424680526
379,0.12211721519921448,0.12471296740431008,0.0025957522050956,0.0025957522050956
380,0.11912894951341024,0.12331777654999598,0.0041888270365857405,0.0041888270365857405
381,0.11230839136678783,0.10131865282201598,0.010989738544771852,0.010989738544771852
382,0.09833855326946417,0.11194367069167184,0.013605117422207672,0.013605117422207672
383,0.10383422118568897,0.1023588864221443,0.0014753347635446667,0.0014753347635446667
384,0.11422208176739246,0.09527828984158578,0.018943791925806683,0.018943791925806683
385,0.11357440158016474,0.11161488898930505,0.001959512590859691,0.001959512590859691
386,0.10447213795198651,0.11157891008436394,0.007106772132377426,0.007106772132377426
387,0.11093941599648471,0.09496262586427236,0.015976790132212357,0.015976790132212357
388,0.11406017669515744,0.1065575367779481,0.007502639917209342,0.007502639917209342
389,0.1173869875042588,0.11034402701460704,0.0070429604896517645,0.0070429604896517645
390,0.11821627930044554,0.1102066403082254,0.008009638992220139,0.008009638992220139
391,0.1309103437634621,0.12587589266418484,0.005034451099277276,0.005034451099277276
392,0.13121947882739282,0.13561765038024232,0.004398171552849495,0.004398171552849495
393,0.13584662156884642,0.13407526946642445,0.0017713521024219636,0.0017713521024219636
394,0.1321272373807485,0.13302846702072144,0.0009012296399729391,0.0009012296399729391
395,0.1324511074235063,0.13160712058068436,0.0008439868428219421,0.0008439868428219421
396,0.1308073187082479,0.13215505015243714,0.0013477314441892319,0.0013477314441892319
397,0.13882021217411133,0.12675585841194784,0.012064353762163499,0.012064353762163499
398,0.13973288238707615,0.14235151573815533,0.002618633351079175,0.002618633351079175
399,0.14176433282172207,0.1420799967990355,0.00031566397731341844,0.00031566397731341844
400,0.1539677105101369,0.1328141908787526,0.021153519631384315,0.021153519631384315
401,0.1405327042256086,0.1582481419950411,0.01771543776943249,0.01771543776943249
402,0.13988011237877185,0.14447457062111968,0.004594458242347832,0.004594458242347832
403,0.139301075629495,0.14290108252977785,0.003600006900282837,0.003600006900282837
404,0.14598913876324893,0.14026609694609773,0.005723041817151192,0.005723041817151192
405,0.1546399489954099,0.14260995688441372,0.012029992110996174,0.012029992110996174
406,0.1549638190381677,0.152868576926892,0.0020952421112756803,0.0020952421112756803
407,0.15485097066373532,0.1529061930517028,0.0019447776120325166,0.0019447776120325166
408,0.1632220558913321,0.15011583130917053,0.013106224582161569,0.013106224582161569
409,0.16445368448744557,0.16666177497315357,0.0022080904857079975,0.0022080904857079975
410,0.1584770932175491,0.16751392794922793,0.009036834731678822,0.009036834731678822
411,0.1582857780859478,0.14661068333084956,0.011675094755098231,0.011675094755098231
412,0.15789320470695123,0.1467415411238484,0.011151663583102822,0.011151663583102822
413,0.16449782952563907,0.14453999951761912,0.019957830008019956,0.019957830008019956
414,0.17598482369058743,0.16167801779154847,0.01430680589903896,0.01430680589903896
415,0.16903177053109653,0.19052387521796987,0.021492104686873348,0.021492104686873348
416,0.16646057662404623,0.16759900348416365,0.0011384268601174197,0.0011384268601174197
417,0.16037119687800538,0.1682434092316519,0.007872212353646518,0.007872212353646518
418,0.15953699342220962,0.15867994875262215,0.00085704466958747,0.00085704466958747
419,0.15658796111498985,0.1585719920717029,0.00198403095671304,0.00198403095671304
420,0.16215724402706255,0.15029738301984166,0.01185986100722089,0.01185986100722089
421,0.16552340801132415,0.15930638501373587,0.0062170229975882785,0.0062170229975882785
422,0.16524859466636888,0.1658881286864401,0.0006395340200712196,0.0006395340200712196
423,0.16130836549072747,0.16657017052483514,0.005261805034107669,0.005261805034107669
424,0.15392847713155244,0.1605494541828412,0.006620977051288751,0.006620977051288751
425,0.15655855105562344,0.1529061930517028,0.003652358003920636,0.003652358003920636
426,0.1689533037739276,0.14803202977088667,0.02092127400304092,0.02092127400304092
427,0.17267759962163454,0.16552666248496753,0.007150937136667007,0.007150937136667007
428,0.17880627264454774,0.17314863975780007,0.005657632886747671,0.005657632886747671
429,0.18024892290898675,0.19555996353711688,0.01531104062813013,0.01531104062813013
430,0.18078866638139113,0.18433959661777533,0.0035509302363841977,0.0035509302363841977
431,0.18096530643245323,0.18428071660075462,0.0033154101683013915,0.0033154101683013915
432,0.18354141199911256,0.1834220147452015,0.00011939725391105216,0.00011939725391105216
433,0.18234410512197452,0.1837802065069347,0.00143610138496017,0.00143610138496017
434,0.18888990982192955,0.18123846259144274,0.007651447230486802,0.007651447230486802
435,0.18592123087627366,0.19830452305548996,0.012383292179216299,0.012383292179216299
436,0.1846945139397691,0.18812277248250295,0.0034282585427338474,0.0034282585427338474
437,0.18637268427229092,0.18034539908472222,0.006027285187568704,0.006027285187568704
438,0.1832077186371367,0.18861837091671374,0.005410652279577044,0.005410652279577044
439,0.18283970355618528,0.1830032857804819,0.00016358222429660452,0.00016358222429660452
440,0.18024892290898675,0.1794147194531909,0.0008342034557958511,0.0008342034557958511
441,0.18851207142176019,0.18176512827098565,0.006746943150774537,0.006746943150774537
442,0.18433632217803597,0.1988328259549025,0.014496503776866537,0.014496503776866537
443,0.17660800547805777,0.18360029201613326,0.006992286538075487,0.006992286538075487
444,0.17703981223563892,0.1878545279831224,0.010814715747483494,0.010814715747483494
445,0.19193214386514545,0.18289041743995357,0.009041726425191882,0.009041726425191882
446,0.18863965477501965,0.20451333998763385,0.015873685212614203,0.015873685212614203
447,0.20510216012393678,0.19191087997293557,0.013191280151001211,0.013191280151001211
448,0.20467526502596467,0.19747852566513854,0.0071967393608261265,0.0071967393608261265
449,0.21006299622736624,0.19568261526467134,0.014380380962694894,0.014380380962694894
450,0.21767355289330292,0.20783531900150995,0.009838233891792975,0.009838233891792975
451,0.22253136394151818,0.21577787191126493,0.006753492030253244,0.006753492030253244
452,0.2271928883002351,0.23026620955487906,0.0030733212546439626,0.0030733212546439626
453,0.22309566571196782,0.22997344668964526,0.006877780977677439,0.006877780977677439
454,0.227178153321408,0.23354727803810904,0.006369124716701036,0.006369124716701036
455,0.23331173800393024,0.2265680892589911,0.006743648744939129,0.006743648744939129
456,0.24738957271436524,0.2339496547702278,0.01343991794413743,0.01343991794413743
457,0.24935723147238142,0.2553354200299555,0.005978188557574093,0.005978188557574093
458,0.2501177600340414,0.23935373820423014,0.01076402182981126,0.01076402182981126
459,0.25046127671523544,0.2432285185172762,0.007232758197959238,0.007232758197959238
460,0.24067695128256605,0.23855555358556743,0.0021213976969986226,0.0021213976969986226
461,0.2245775493549913,0.2230989201856112,0.0014786291693801024,0.0014786291693801024
462,0.2337337813405812,0.23394799758426213,0.00021421624368092584,0.00021421624368092584
463,0.23671222370716738,0.24148825362628232,0.004776029919114938,0.004776029919114938
464,0.23534318843857627,0.24116440354962046,0.005821215111044192,0.005821215111044192
465,0.2247394544272262,0.24264463000667824,0.017905175579452037,0.017905175579452037
466,0.2501128483744324,0.22372048471930786,0.026392363655124512,0.026392363655124512
467,0.23103985584159248,0.24970232547515717,0.018662469633564688,0.018662469633564688
468,0.23160906927165115,0.2401503055691192,0.008541236297468058,0.008541236297468058
469,0.24534829896050114,0.2308992146615675,0.014449084298933657,0.014449084298933657
470,0.24682035928430646,0.25271842389874605,0.005898064614439591,0.005898064614439591
471,0.2612711207353018,0.2521459559950439,0.009125164740257874,0.009125164740257874
472,0.26132508909271346,0.2659587807136458,0.004633691620932356,0.004633691620932356
473,0.2659767901322123,0.2644082137004795,0.0015685764317328044,0.0015685764317328044
474,0.26420541806369435,0.25838422291874613,0.005821195144948221,0.005821195144948221
475,0.26718877208988956,0.2820156947889927,0.014826922699103129,0.014826922699103129
476,0.2666637635963124,0.26166529140197614,0.004998472194336245,0.004998472194336245
477,0.27010833443945503,0.26917442030037636,0.0009339141390786732,0.0009339141390786732
478,0.2659179101151916,0.25942445651887447,0.006493453596317145,0.006493453596317145
479,0.2497055999148965,0.27153790691103247,0.021832306996135975,0.021832306996135975
480,0.2185371664084651,0.25654903920750255,0.03801187279903745,0.03801187279903745
481,0.20227579951036745,0.2225297267216485,0.020253927211281053,0.020253927211281053
482,0.20459679826879573,0.18564809468338006,0.01894870358541567,0.01894870358541567
483,0.1677510852371804,0.2097865855947333,0.04203550035755288,0.04203550035755288
484,0.17817326753785934,0.16759900348416365,0.010574264053695687,0.010574264053695687
485,0.20259966955312525,0.18810971465573736,0.014489954897387886,0.014489954897387886
486,0.1791841110447172,0.19411899042473957,0.014934879380022359,0.014934879380022359
487,0.2013288075784272,0.18853333531397007,0.012795472264457125,0.012795472264457125
488,0.16821727361202488,0.20302412878738874,0.03480685517536386,0.03480685517536386
489,0.1580944030560586,0.17429195831143054,0.016197555255371948,0.016197555255371948
490,0.11744101575995836,0.16022560410617936,0.04278458834622101,0.04278458834622101
491,0.14925221779400832,0.0998613274770378,0.049390890316970526,0.049390890316970526
492,0.11736740076411045,0.14608401765130666,0.028716616887196206,0.028716616887196206
493,0.06805337991663118,0.12692760676949685,0.05887422685286567,0.05887422685286567
494,0.11948714127514348,0.05862399177205172,0.06086314950309176,0.06086314950309176
495,0.05304814001440428,0.12250815135834144,0.06946001134393716,0.06946001134393716
496,0.0704528454322284,0.06230250536169538,0.008150340070533023,0.008150340070533023
497,0.05916704961638741,0.07741240753900618,0.018245357922618763,0.018245357922618763
498,0.06823984328691135,0.062338504232732496,0.005901339054178854,0.005901339054178854
499,0.04715498705957388,0.06091877504646911,0.013763787986895225,0.013763787986895225
500,0.03945122865764106,0.04032954720248642,0.0008783185448453593,0.0008783185448453593
501,0.07764627042112326,0.040810420640918076,0.03683584978020519,0.03683584978020519
502,0.06195902861269331,0.07753997092616967,0.015580942313476356,0.015580942313476356
503,0.09103713166745808,0.06695586358715992,0.02408126808029816,0.02408126808029816
504,0.06599245952433086,0.08818295828220013,0.02219049875786927,0.02219049875786927
505,0.08371115176740684,0.07116922895569489,0.012541922811711959,0.012541922811711959
506,0.09155728839971422,0.07942257411534621,0.012134714284368006,0.012134714284368006
507,0.06349488061312847,0.09753873143093177,0.0340438508178033,0.0340438508178033
508,0.07096311894697849,0.04695708311630183,0.024006035830676654,0.024006035830676654
509,0.059696969769573616,0.07871106231929685,0.019014092549723235,0.019014092549723235
510,0.10338773934756862,0.06232540647377501,0.04106233287379361,0.04106233287379361
511,0.10318654099846136,0.10347277495031237,0.0002862339518510115,0.0002862339518510115
512,0.11485017521447183,0.09738169808611397,0.017468477128357862,0.017468477128357862
513,0.11542424040585164,0.11250142358264281,0.002922816823208829,0.002922816823208829
514,0.11842238930916194,0.11150204061487272,0.006920348694289216,0.006920348694289216
515,0.14377613661793187,0.12356475715716657,0.020211379460765302,0.020211379460765302
516,0.1404590892297607,0.1331004248306036,0.007358664399157083,0.007358664399157083
517,0.14094977600436254,0.14411801607925612,0.00316824007489358,0.00316824007489358
518,0.15065557478157487,0.14526948080004307,0.005386093981531809,0.005386093981531809
519,0.1424905396644066,0.12285326532721315,0.019637274337193464,0.019637274337193464
520,0.11782370592144886,0.13998313743398608,0.022159431512537214,0.022159431512537214
521,0.14082219265110296,0.13146318499482398,0.009359007656278978,0.009359007656278978
522,0.1472502373170167,0.1464045932882291,0.0008456440287875899,0.0008456440287875899
523,0.14872229764082212,0.14266883690143442,0.0060534607393877005,0.0060534607393877005
524,0.14703921564869127,0.13080568148837823,0.016233534160313035,0.016233534160313035
525,0.12632734606020213,0.15013382076164108,0.023806474701438957,0.023806474701438957
526,0.1792282560829107,0.1256763515010431,0.05355190458186762,0.05355190458186762
527,0.18275141347979817,0.18745546562293502,0.00470405214313685,0.00470405214313685
528,0.16898762549290303,0.18518522068046692,0.01619759518756389,0.01619759518756389
529,0.1720250077747978,0.16574419310057978,0.00628081467421801,0.00628081467421801
530,0.18395357211825747,0.1724306190144639,0.01152295310379356,0.01152295310379356
531,0.18208408665413434,0.18177493162410774,0.0003091550300265977,0.0003091550300265977
532,0.19447883937243848,0.17937548607460643,0.01510335329783205,0.01510335329783205
533,0.20223656613178298,0.19812786303833188,0.004108703093451099,0.004108703093451099
534,0.2095428993933981,0.18399939430851261,0.02554350508488548,0.02554350508488548
535,0.1960391897726309,0.21504677337506728,0.019007583602436373,0.019007583602436373
536,0.18308013528387712,0.20451333998763385,0.02143320470375673,0.02143320470375673
537,0.18641682931048442,0.1773587506526917,0.009058078657792734,0.009058078657792734
538,0.1947879145380812,0.18475830561639892,0.010029608921682281,0.010029608921682281
539,0.2000627973650504,0.19885245262724274,0.0012103447378076504,0.0012103447378076504
540,0.19493268869997238,0.19411899042473957,0.0008136982752328104,0.0008136982752328104
541,0.21124065646606816,0.19512649959357017,0.01611415687249798,0.01611415687249798
542,0.20931720264453335,0.2093744254755884,5.722283105505377e-05,5.722283105505377e-05
543,0.2130562334710675,0.2093744254755884,0.003681807995479097,0.003681807995479097
544,0.21629475420378164,0.22369103472774954,0.007396280523967902,0.007396280523967902
545,0.21669709100370838,0.2200370594700551,0.0033399684663467377,0.0033399684663467377
546,0.21615243587169497,0.220454131248809,0.004301695377114029,0.004301695377114029
547,0.22213393880120047,0.21822477687089106,0.003909161930309407,0.003909161930309407
548,0.22355688252891526,0.22812518518554015,0.00456830265662489,0.00456830265662489
549,0.22718797664062607,0.23389239200698078,0.006704415366354716,0.006704415366354716
550,0.2257944429722777,0.22907385426954197,0.0032794112972642786,0.0032794112972642786
551,0.21391984698622968,0.23133755033253134,0.01741770334630166,0.01741770334630166
552,0.2267807281810903,0.22019571006864666,0.006585018112443636,0.006585018112443636
553,0.23081415909272784,0.2329322823499871,0.002118123257259269,0.002118123257259269
554,0.23550024174949002,0.23885324807650624,0.0033530063270162114,0.0033530063270162114
555,0.24025496784420308,0.23674492817236906,0.0035100396718340254,0.0035100396718340254
556,0.20982747615928343,0.22801561125084716,0.018188135091563723,0.018188135091563723
557,0.2144105337608314,0.2089229920456671,0.005487541715164301,0.005487541715164301
558,0.2176833762125211,0.22507151056933247,0.007388134356811377,0.007388134356811377
559,0.22890538035173236,0.21365319977452688,0.015252180577205482,0.015252180577205482
560,0.2330271612380449,0.2169882565812645,0.0160389046567804,0.0160389046567804
561,0.2255883329635613,0.24121673468716245,0.015628401723601165,0.015628401723601165
562,0.22350782583111273,0.23258882556708108,0.009080999735968348,0.009080999735968348
563,0.23339026465938717,0.23182496266739375,0.001565301991993423,0.001565301991993423
564,0.23954840763995477,0.23656337646169798,0.0029850311782567973,0.0029850311782567973
565,0.22363049752476316,0.24697573544315868,0.023345237918395517,0.023345237918395517
566,0.22822331854724132,0.23354727803810904,0.005323959490867725,0.005323959490867725
567,0.1882667280344592,0.22730575664076347,0.03903902860630426,0.03903902860630426
568,0.20547508686449711,0.19178657105941546,0.013688515805081652,0.013688515805081652
569,0.21462149553086896,0.1941631154968371,0.02045838003403186,0.02045838003403186
570,0.22660899978963722,0.22209630271029376,0.004512697079343458,0.004512697079343458
571,0.23969066607375344,0.22997344668964526,0.009717219384108189,0.009717219384108189
572,0.25490195608640875,0.23655191592261016,0.018350040163798598,0.018350040163798598
573,0.24973998153215993,0.24904643922248507,0.0006935423096748605,0.0006935423096748605
574,0.25504918607810445,0.23801906458680644,0.01703012149129801,0.01703012149129801
575,0.2624045760375222,0.24482490772069765,0.01757966831682456,0.01757966831682456
576,0.2774931943565271,0.26830589512560515,0.00918729923092193,0.00918729923092193
577,0.2625763044289753,0.28294964886026336,0.020373344431288076,0.020373344431288076
578,0.26711024543443274,0.27172271309534707,0.004612467660914332,0.004612467660914332
579,0.26370490796987456,0.26265157661078875,0.0010533313590858073,0.0010533313590858073
580,0.2658442951193437,0.2766541191733142,0.010809824053970463,0.010809824053970463
581,0.2646421364808845,0.26655906138903646,0.001916924908151929,0.001916924908151929
582,0.28925985362775175,0.2736560301682918,0.015603823459459931,0.015603823459459931
583,0.28567787611213147,0.2890407057583658,0.0033628296462343554,0.0033628296462343554
584,0.2906190655771248,0.2819650008713204,0.008654064705804376,0.008654064705804376
585,0.26470592815751426,0.29820019221759914,0.03349426406008488,0.03349426406008488
586,0.26283638279510324,0.2900694987855023,0.02723311599039907,0.02723311599039907
587,0.27183064981017035,0.2701492449701012,0.0016814048400691783,0.0016814048400691783
588,0.25717874990835565,0.2669303309436312,0.00975158103527557,0.00975158103527557
589,0.26781686553696904,0.2546893371304056,0.013127528406563449,0.013127528406563449
590,0.27244400827842263,0.26265157661078875,0.009792431667633883,0.009792431667633883
591,0.24865061136984512,0.26977304378980144,0.021122432419956316,0.021122432419956316
592,0.2444748621261209,0.24123470417353698,0.003240157952583922,0.003240157952583922
593,0.23982316108662205,0.2550508232979742,0.015227662211352133,0.015227662211352133
594,0.244062702006976,0.23742369557102475,0.00663900643595125,0.00663900643595125
595,0.25706098987431425,0.24626424361320529,0.010796746261108964,0.010796746261108964
596,0.2543082442565928,0.259192210890531,0.004883966633938197,0.004883966633938197
597,0.2550982427759071,0.24984136936750445,0.00525687340840264,0.00525687340840264
598,0.2473551910971018,0.24984136936750445,0.0024861782704026503,0.0024861782704026503
599,0.2602602772284439,0.25170107144460135,0.00855920578384256,0.00855920578384256
600,0.2660650802085994,0.26437878367501716,0.0016862965335822655,0.0016862965335822655
601,0.2608049323604573,0.25951771815315844,0.0012872142072988813,0.0012872142072988813
602,0.26583447180012565,0.2644556531445084,0.001378818655617231,0.001378818655617231
603,0.2857661661885186,0.25951771815315844,0.02624844803536014,0.02624844803536014
604,0.2803342899489235,0.2853932594140542,0.0050589694651306805,0.0050589694651306805
605,0.2971255770002075,0.2775471826800347,0.019578394320172776,0.019578394320172776
606,0.2964729851533707,0.30619182179125276,0.009718836637882033,0.009718836637882033
607,0.3002904827370738,0.2935272073197944,0.006763275417279391,0.006763275417279391
608,0.31011404154832767,0.2982263478033222,0.011887693745005479,0.011887693745005479
609,0.331782786286263,0.30340637170832957,0.02837641457793344,0.02837641457793344
610,0.32292586604538565,0.3570449890450025,0.034119122999616835,0.034119122999616835
611,0.3278720270682759,0.31298292994631677,0.014889097121959127,0.014889097121959127
612,0.32285231094782574,0.3274451120042079,0.004592801056382156,0.004592801056382156
613,0.33587018555531223,0.31031687711730466,0.02555330843800757,0.02555330843800757
614,0.36902592445819604,0.34167830290739903,0.027347621550797008,0.027347621550797008
615,0.3266109285145081,0.37463609793481883,0.04802516942031071,0.04802516942031071
616,0.3016840763037102,0.3173729553320098,0.01568887902829963,0.01568887902829963
617,0.27290528499365796,0.3106292666548787,0.03772398166122076,0.03772398166122076
618,0.2849614326903771,0.25766943668295744,0.02729199600741966,0.02729199600741966
619,0.2727237332829868,0.2912504334639436,0.018526700180956757,0.018526700180956757
620,0.2671789487706715,0.2635969313228593,0.0035820174478122246,0.0035820174478122246
621,0.2664723885664231,0.26172908307860593,0.004743305487817151,0.004743305487817151
622,0.2773459643648314,0.26503956162120224,0.012306402743629152,0.012306402743629152
623,0.2672672987453465,0.28138598408813964,0.014118685342793147,0.014118685342793147
624,0.2548185776696308,0.26561368671087,0.010795109041239204,0.010795109041239204
625,0.23737955053283122,0.25316658288892796,0.015787032356096742,0.015787032356096742
626,0.22323307238444545,0.24520110890099742,0.021968036516551964,0.021968036516551964
627,0.2400635928143139,0.22925213154047375,0.01081146127384014,0.01081146127384014
628,0.2154065823905742,0.23626404475088938,0.020857462360315188,0.020857462360315188
629,0.22182480373726987,0.22181334319818202,1.1460539087848609e-05,1.1460539087848609e-05
630,0.23000451393497734,0.2259759747168528,0.004028539218124544,0.004028539218124544
631,0.23960237599736645,0.23337882408639535,0.006223551910971098,0.006223551910971098
632,0.2419625482360913,0.24086505187271598,0.0010974963633753332,0.0010974963633753332
633,0.2420950432489598,0.22885141199432069,0.013243631254639121,0.013243631254639121
634,0.2521492104686873,0.22550002292107818,0.026649187547609143,0.026649187547609143
635,0.23660919865195307,0.24176791873255862,0.0051587200806055555,0.0051587200806055555
636,0.2501521416513047,0.23622808581204432,0.013924055839260402,0.013924055839260402
637,0.23416552819987435,0.2486604346890632,0.014494906489188858,0.014494906489188858
638,0.23752678052452691,0.24121673468716245,0.003689954162635539,0.003689954162635539
639,0.2501079966131112,0.23624280082477547,0.013865195788335755,0.013865195788335755
640,0.26448017151036174,0.23855555358556743,0.025924617924794308,0.025924617924794308
641,0.2909429356198826,0.27309500283758154,0.017847932782301068,0.017847932782301068
642,0.29218438753521425,0.2890407057583658,0.003143681776848428,0.003143681776848428
643,0.29041786722801743,0.27696163698347115,0.013456230244546286,0.013456230244546286
644,0.28602624455464665,0.2910934200852217,0.005067175530575063,0.005067175530575063
645,0.2928369793820509,0.28122569626967836,0.011611283112372528,0.011611283112372528
646,0.2739945952576849,0.282436060973582,0.0084414657158971,0.0084414657158971
647,0.28445607083523616,0.2669303309436312,0.01752573989160494,0.01752573989160494
648,0.3027979448657824,0.28122569626967836,0.021572248596104016,0.021572248596104016
649,0.3136028173279518,0.2970634225434475,0.016539394784504335,0.016539394784504335
650,0.3261987683953632,0.3271179874878067,0.0009192190924434684,0.0009192190924434684
651,0.30139452797992783,0.31746947143993726,0.016074943460009428,0.016074943460009428
652,0.30817094108835674,0.2988740479566458,0.009296893131710948,0.009296893131710948
653,0.2651671449744618,0.323861457336526,0.05869431236206418,0.05869431236206418
654,0.2900057071088725,0.2792874675371245,0.010718239571748,0.010718239571748
655,0.31638994456293656,0.27880334960809744,0.037586594954839125,0.037586594954839125
656,0.31885320175516363,0.32956650970120654,0.010713307946042916,0.010713307946042916
657,0.33071797442199347,0.32753180479291727,0.0031861696290761965,0.0031861696290761965
658,0.37925673172898566,0.31582075109897384,0.06343598063001182,0.06343598063001182
659,0.386244106607452,0.38327383037411833,0.0029702762333336796,0.0029702762333336796
660,0.3854491964285287,0.37649088835230676,0.008958308076221944,0.008958308076221944
661,0.3860625548967809,0.38563565979880887,0.0004268950979720021,0.0004268950979720021
662,0.3749681341108291,0.37998457579153994,0.005016441680710859,0.005016441680710859
663,0.3810133688186764,0.3753263258725623,0.005687042946114107,0.005687042946114107
664,0.37960510017150084,0.3789377933119329,0.000667306859567951,0.000667306859567951
665,0.392941993060424,0.37520529139878156,0.01773670166164243,0.01773670166164243
666,0.39508138020989325,0.38960204456017333,0.005479335649719919,0.005479335649719919
667,0.38957097731484125,0.39060468200158677,0.001033704686745518,0.001033704686745518
668,0.378103629788329,0.392379328509844,0.014275698721515018,0.014275698721515018
669,0.38651400829279814,0.37948408566381603,0.00702992262898211,0.00702992262898211
670,0.3758513343661396,0.37969017570643643,0.003838841340296828,0.003838841340296828
671,0.3722546218716921,0.3754620753590743,0.0032074534873821614,0.0032074534873821614
672,0.3889477955273709,0.3906357492469188,0.0016879537195478855,0.0016879537195478855
673,0.3901990707619206,0.38071898869966886,0.00948008206225176,0.00948008206225176
674,0.4008763598708306,0.3847884184823435,0.01608794138848707,0.01608794138848707
675,0.38495359799431783,0.42418236441064155,0.039228766416323724,0.039228766416323724
676,0.403285648705646,0.3830023114349985,0.02028333727064746,0.02028333727064746
677,0.41793263694785165,0.4065667171888759,0.011365919758975773,0.011365919758975773
678,0.4173536600968627,0.42230467288107415,0.00495101278421145,0.00495101278421145
679,0.4179522835862878,0.42210513171793246,0.004152848131644682,0.004152848131644682
680,0.41377653434256356,0.4234970481325071,0.009720513789943541,0.009720513789943541
681,0.41332022918522515,0.4105789041743995,0.002741325010825635,0.002741325010825635
682,0.39643076884004813,0.41620872428945854,0.01977795544941041,0.01977795544941041
683,0.39211270126423725,0.39398224662664827,0.001869545362411018,0.001869545362411018
684,0.39527275523978245,0.39330671373554,0.001966041504242455,0.001966041504242455
685,0.38461996453062985,0.3922550195963239,0.007635055065694063,0.007635055065694063
686,0.3884031403953575,0.387963147538428,0.0004399928569295275,0.0004399928569295275
687,0.3860625548967809,0.38209782732138214,0.00396472757539873,0.00396472757539873
688,0.37865319657995156,0.3787562216351658,0.00010302505521425642,0.00010302505521425642
689,0.37036548976913286,0.38486692517170445,0.014501435402571594,0.014501435402571594
690,0.37446762401700917,0.3586838661006519,0.015783757916357277,0.015783757916357277
691,0.3666804273000104,0.38199965402748903,0.015319226727478652,0.015319226727478652
692,0.37103772825440573,0.35876892166949154,0.012268806584914194,0.012268806584914194
693,0.37421245731049024,0.3871257095750848,0.012913252264594555,0.012913252264594555
694,0.3924856280047976,0.3733979204592266,0.019087707545570987,0.019087707545570987
695,0.3839624011258962,0.3970768317735021,0.013114430647605924,0.013114430647605924
696,0.3745412390128571,0.39258378133259475,0.018042542319737676,0.018042542319737676
697,0.38060612035914054,0.3773577563411123,0.003248364018028249,0.003248364018028249
698,0.3690062778197598,0.3824707340958466,0.013464456276086778,0.013464456276086778
699,0.37522821247695715,0.35843033661400253,0.016797875862954614,0.016797875862954614
700,0.37246564354001754,0.3753917348029658,0.0029260912629482383,0.0029260912629482383
701,0.39796170918087415,0.38763111136241774,0.01033059781845641,0.01033059781845641
702,0.4077557980344736,0.4078637746814889,0.00010797664701528431,0.00010797664701528431
703,0.3878878953227104,0.409227878324375,0.02133998300166462,0.02133998300166462
704,0.37799078141389675,0.3840376533416137,0.006046871927716968,0.006046871927716968
705,0.38184266061486316,0.38104120155646104,0.0008014590584021208,0.0008014590584021208
706,0.3748651090556149,0.37438420566803926,0.00048090338757561524,0.00048090338757561524
707,0.37290721371852886,0.3780283775726115,0.005121163854082622,0.005121163854082622
708,0.399733081249392,0.39313171090434756,0.006601370345044433,0.006601370345044433
709,0.4468586582495996,0.39494069909767626,0.05191795915192332,0.05191795915192332
710,0.4489931337394597,0.4561800697471637,0.007186936007703981,0.007186936007703981
711,0.4538018880898723,0.45457715163035955,0.0007752635404872366,0.0007752635404872366
712,0.4529922429321218,0.460777802429251,0.007785559497129169,0.007785559497129169
713,0.4617460782194971,0.4578598573334592,0.0038862208860379055,0.0038862208860379055
714,0.41932623051448803,0.4855051534090991,0.06617892289461108,0.06617892289461108
715,0.43518520071437095,0.4163608260085714,0.018824374705799563,0.018824374705799563
716,0.42175510608945166,0.45224802667087066,0.030492920581419003,0.030492920581419003
717,0.45394905818328013,0.42210513171793246,0.03184392646534767,0.03184392646534767
718,0.4667854409783835,0.4561800697471637,0.010605371231219796,0.010605371231219796
719,0.5367377763167921,0.44636797147499774,0.09036980484179435,0.09036980484179435
720,0.5329595121116734,0.5446443503216059,0.011684838209932491,0.011684838209932491
721,0.5504426243883785,0.5399533959374265,0.010489228450952015,0.010489228450952015
722,0.5479449855788882,0.5401970821387619,0.007747903440126214,0.007747903440126214
723,0.5433325778162618,0.5283061139540169,0.015026463862244821,0.015026463862244821
724,0.5491569675365656,0.5250528582424757,0.024104109294089904,0.024104109294089904
725,0.5494072225834755,0.5381722005496906,0.011235022033784903,0.011235022033784903
726,0.553440773291689,0.5383651529011616,0.015075620390527344,0.015075620390527344
727,0.562169990382731,0.5321170826243372,0.030052907758393754,0.030052907758393754
728,0.565315369277737,0.5481952406257982,0.017120128651938793,0.017120128651938793
729,0.5598637865014177,0.5500124348845712,0.009851351616846471,0.009851351616846471
730,0.5519833281501348,0.5374230726288305,0.014560255521304355,0.014560255521304355
731,0.5341910209112112,0.554518583084436,0.020327562173224845,0.020327562173224845
732,0.5371254380361795,0.5443924580548263,0.007267020018646764,0.007267020018646764
733,0.5490539424813513,0.5320582425395085,0.0169956999418428,0.0169956999418428
734,0.5177432505411211,0.548726857897142,0.030983607356020904,0.030983607356020904
735,0.520442027801431,0.5307824489391054,0.010340421137674416,0.010340421137674416
736,0.5423512042670583,0.5241123552917263,0.01823884897533201,0.01823884897533201
737,0.5395690485899703,0.528248831224674,0.011320217365296315,0.011320217365296315
738,0.5154615450595653,0.5405275010609983,0.02506595600143302,0.02506595600143302
739,0.5264431773693726,0.5240698275073065,0.0023733498620661653,0.0023733498620661653
740,0.5556144821601335,0.5250381432297445,0.030576338930389024,0.030576338930389024
741,0.5142152413829125,0.5430332061732613,0.028817964790348816,0.028817964790348816
742,0.5282144895396027,0.5234793901172297,0.004735099422373046,0.004735099422373046
743,0.5293578280593291,0.5462505428781496,0.016892714818820487,0.016892714818820487
744,0.5586714511821765,0.5364793351705336,0.02219211601164295,0.02219211601164295
745,0.5327386072258419,0.5438379796035947,0.011099372377752825,0.011099372377752825
746,0.5349810793288133,0.545107244290615,0.010126164961801631,0.010126164961801631
747,0.5477536704472868,0.5401758581787438,0.007577812268543038,0.007577812268543038
748,0.5470471102430384,0.5270679364784248,0.019979173764613667,0.019979173764613667
749,0.5201279810778913,0.5360409795334737,0.015912998455582472,0.015912998455582472
750,0.5235529651808856,0.5303784349871171,0.006825469806231554,0.006825469806231554
751,0.5212909063377661,0.5421025864400181,0.020811680102251984,0.020811680102251984
752,0.5283420728928622,0.5290650252619034,0.0007229523690411854,0.0007229523690411854
753,0.5244656952921384,0.5478812538005463,0.02341555850840793,0.02341555850840793
