0,0.003433627048003292,0.004238973781724123,0.0008053467337208308,0.0008053467337208308
1,0.0029971488688048872,0.0035918251637896276,0.0005946762949847403,0.0005946762949847403
2,0.005121341379212966,0.003313391628117876,0.0018079497510950903,0.0018079497510950903
3,0.002706163878514578,0.00517596564412931,0.002469801765614732,0.002469801765614732
4,0.0030262466740709777,0.002908332809115108,0.00011791386495586982,0.00011791386495586982
5,0.0024733744987564497,0.003272718199728228,0.0007993437009717781,0.0007993437009717781
6,0.002677064685722607,0.002655900439179723,2.116424654288393e-05,2.116424654288393e-05
7,0.005732410552585556,0.002373160824614584,0.0033592497279709716,0.0033592497279709716
8,0.005208636182537118,0.005920209096251239,0.0007115729137141206,0.0007115729137141206
9,0.006372577531224234,0.005386217983586308,0.0009863595476379255,0.0009863595476379255
10,0.005470523367561335,0.006495443807797763,0.0010249204402364275,0.0010249204402364275
11,0.006401676724016205,0.005560551746046305,0.0008411249779698999,0.0008411249779698999
12,0.004743060198072623,0.006354145391737204,0.0016110851936645808,0.0016110851936645808
13,0.004481173013048402,0.005002010677092092,0.0005208376640436895,0.0005208376640436895
14,0.0031426406701871006,0.004463972662376303,0.0013213319921892026,0.0013213319921892026
15,0.002968049676012916,0.003575646573583627,0.0006075968975707106,0.0006075968975707106
16,0.0032881338590951964,0.003265398017338328,2.273584175686849e-05,2.273584175686849e-05
17,0.0026479668804565166,0.0036776831127617593,0.0010297162323052427,0.0010297162323052427
18,0.0020077985142919544,0.00297246562213066,0.0009646671078387056,0.0009646671078387056
19,0.0010475473525709943,0.0024334906413766844,0.00138594328880569,0.00138594328880569
20,0.0008147593603387467,0.0013613487267404023,0.0005465893664016556,0.0005465893664016556
21,0.0010766451578370848,0.00126633790170666,0.0001896927438695753,0.0001896927438695753
22,0.002124192510408079,0.0014022283919063877,0.0007219641185016914,0.0007219641185016914
23,0.0017168135240016452,0.0025643457661550656,0.0008475322421534204,0.0008475322421534204
24,0.0016877143312096742,0.0021590132465116874,0.0004712989153020132,0.0004712989153020132
25,0.0017168135240016452,0.0021320662400653723,0.00041525271606372705,0.00041525271606372705
26,0.0009602511617209618,0.0019766782611130435,0.0010164270993920817,0.0010164270993920817
27,0.0016586165259435837,0.0010354113773690388,0.000623205148574545,0.000623205148574545
28,0.0024442766934903593,0.0016956320848977857,0.0007486446085925736,0.0007486446085925736
29,0.001396729340919365,0.0028443550482397384,0.0014476257073203734,0.0014476257073203734
30,0.0006110691733725911,0.0018324480399887627,0.0012213788666161716,0.0012213788666161716
31,0.0008147593603387467,0.0010352589934968376,0.00022049963315809093,0.00022049963315809093
32,0.0009602511617209618,0.0009510276307242993,9.223530996662482e-06,9.223530996662482e-06
33,0.0017168135240016452,0.001035411377369011,0.0006814021466326342,0.0006814021466326342
34,0.0018041083273257971,0.0021590132462500217,0.00035490491892422454,0.00035490491892422454
35,0.0008438571656048371,0.0020796141670455515,0.0012357570014407144,0.0012357570014407144
36,0.003375430049945229,0.0011463181342200451,0.002229111915725184,0.002229111915725184
37,0.003229936861037135,0.003616243015312076,0.00038630615427494124,0.00038630615427494124
38,0.003550021044119415,0.003490013480131518,6.0007563987897125e-05,6.0007563987897125e-05
39,0.0015131233370354897,0.0036917884369202097,0.00217866509988472,0.00217866509988472
40,0.0025315714968145112,0.001933511360009063,0.0005980601368054481,0.0005980601368054481
41,0.0024442766934903593,0.0027189549058244944,0.00027467821233413507,0.00027467821233413507
42,0.0022987835045822635,0.002695603198447777,0.0003968196938655133,0.0003968196938655133
43,0.0026479668804565166,0.002515575164848627,0.00013239171560788972,0.00013239171560788972
44,0.003200837668245162,0.0028876431146024756,0.00031319455364268653,0.00031319455364268653
45,0.0029971488688048872,0.0034026904912745626,0.00040554162246967534,0.00040554162246967534
46,0.002968049676012916,0.003259833208644536,0.0002917835326316197,0.0002917835326316197
47,0.0028516556798967915,0.003107835052687982,0.00025617937279119075,0.00025617937279119075
48,0.0016295173331516127,0.0032059542856074097,0.001576436952455797,0.001576436952455797
49,0.0017750105220597084,0.001918469453044025,0.0001434589309843165,0.0001434589309843165
50,0.0014549263389774265,0.0022279170055416464,0.0007729906665642199,0.0007729906665642199
51,0.0015422225298274608,0.0019165888263400765,0.0003743662965126158,0.0003743662965126158
52,0.0014258285337113378,0.0019388222405429395,0.0005129937068316017,0.0005129937068316017
53,0.0017168135240016452,0.0018728416971889872,0.00015602817318734197,0.00015602817318734197
54,0.001280335344803242,0.0019003556046686548,0.0006200202598654128,0.0006200202598654128
55,0.0011348421558951462,0.0016631194560156742,0.000528277300120528,0.000528277300120528
56,0.0006983653642226237,0.0015880958454851102,0.0008897304812624865,0.0008897304812624865
57,0.0011930405414790901,0.0011049894227013884,8.805111877770166e-05,8.805111877770166e-05
58,0.0010475473525709943,0.0011050918694157502,5.754451684475588e-05,5.754451684475588e-05
59,0.0014258285337113378,0.0011410097809323727,0.0002848187527789651,0.0002848187527789651
60,0.0011930405414790901,0.0017640569083828411,0.000571016366903751,0.000571016366903751
61,0.0006692661714306526,0.0015813990606029227,0.0009121328891722701,0.0009121328891722701
62,0.0009893503545129329,0.0007751814776883609,0.00021416887682457197,0.00021416887682457197
63,0.0009311533564548714,0.0013753268478894493,0.0004441734914345779,0.0004441734914345779
64,0.00032008418308228197,0.001492363955227366,0.001172279772145084,0.001172279772145084
65,0.0,0.0006786674099887313,0.0006786674099887313,0.0006786674099887313
66,0.000465577371990376,0.00016093238112123431,0.0003046449908691417,0.0003046449908691417
67,0.0007565623622806852,0.0007723874121439156,1.5825049863230425e-05,1.5825049863230425e-05
68,0.0007565623622806852,0.001145946675593798,0.00038938431331311286,0.00038938431331311286
69,0.0005237743700484392,0.0011272775973687477,0.0006035032273203084,0.0006035032273203084
70,0.000465577371990376,0.0008727651457440533,0.0004071877737536773,0.0004071877737536773
71,0.00026188718502421875,0.0011050227485797232,0.0008431355635555044,0.0008431355635555044
72,0.0006110691733725911,0.0001715417627178445,0.00043952741065474664,0.00043952741065474664
73,0.0007274631694887141,0.0010073110355608428,0.0002798478660721287,0.0002798478660721287
74,0.000465577371990376,0.0012739694393791579,0.0008083920673887818,0.0008083920673887818
75,0.0008729563583968099,0.0007723874121439156,0.00010056894625289428,0.00010056894625289428
76,0.0016877143312096742,0.001610193703381571,7.752062782810307e-05,7.752062782810307e-05
77,0.002269685699316173,0.002039065495626116,0.00023062020369005697,0.00023062020369005697
78,0.0016877143312096742,0.0024759312754317198,0.0007882169442220456,0.0007882169442220456
79,0.0009020541636628986,0.001968485533767772,0.0010664313701048735,0.0010664313701048735
80,0.001396729340919365,0.0012322157587017074,0.00016451358221765758,0.00016451358221765758
81,0.0014549263389774265,0.001862745458261289,0.00040781911928386254,0.00040781911928386254
82,0.001949601516233893,0.0018563883119153135,9.321320431857939e-05,9.321320431857939e-05
83,0.0022987835045822635,0.0021399805724228727,0.0001588029321593909,0.0001588029321593909
84,0.0026188676876645455,0.0027832634209810636,0.0001643957333165181,0.0001643957333165181
85,0.002269685699316173,0.0030254903904467084,0.0007558046911305353,0.0007558046911305353
86,0.00279345868183873,0.002455138277231525,0.00033832040460720497,0.00033832040460720497
87,0.0025315714968145112,0.002901141438102911,0.0003695699412883998,0.0003695699412883998
88,0.0022114887012581116,0.0029766082547202366,0.000765119553462125,0.000765119553462125
89,0.003433627048003292,0.0025932204758972177,0.0008404065721060745,0.0008404065721060745
90,0.002968049676012916,0.0035918251637896415,0.0006237754877767253,0.0006237754877767253
91,0.0032881338590951964,0.0032150175298827355,7.311632921246092e-05,7.311632921246092e-05
92,0.003666415040235538,0.0036517850140447145,1.4630026190823667e-05,1.4630026190823667e-05
93,0.00407379402664197,0.003797034020176948,0.0002767600064650221,0.0002767600064650221
94,0.004481173013048402,0.004192378445055073,0.00028879456799332966,0.00028879456799332966
95,0.008234882856608094,0.0047953514130054525,0.0034395314436026416,0.0034395314436026416
96,0.011057440731238795,0.00808032186288958,0.0029771188683492145,0.0029771188683492145
97,0.011232031725412981,0.010926617813739853,0.0003054139116731285,0.0003054139116731285
98,0.011552115908495262,0.010876571452289666,0.000675544456205596,0.000675544456205596
99,0.011057440731238795,0.011339855453720349,0.0002824147224815537,0.0002824147224815537
100,0.011202932532621007,0.010966786806780024,0.0002361457258409829,0.0002361457258409829
101,0.010184484372841985,0.011090165481615358,0.0009056811087733724,0.0009056811087733724
102,0.0069254497065387634,0.010189661665099922,0.0032642119585611588,0.0032642119585611588
103,0.006518070720132331,0.006861017878901837,0.0003429471587695059,0.0003429471587695059
104,0.008904149028038743,0.006506789587617412,0.0023973594404213313,0.0023973594404213313
105,0.009427923398087184,0.008736946731607187,0.0006909766664799973,0.0006909766664799973
106,0.014054589600043682,0.009299226778561057,0.004755362821482626,0.004755362821482626
107,0.015567711549553288,0.013691516171950663,0.0018761953776026252,0.0018761953776026252
108,0.016353373104625944,0.015113127406851834,0.0012402456977741103,0.0012402456977741103
109,0.014258278399483957,0.01608062930019319,0.0018223509007092315,0.0018223509007092315
110,0.019525112967605014,0.01383362060639616,0.005691492361208854,0.005691492361208854
111,0.018011988243043647,0.01893470491994008,0.0009227166768964318,0.0009227166768964318
112,0.015393121942904984,0.01768238053076321,0.0022892585878582245,0.0022892585878582245
113,0.017953792632511463,0.014924568232548188,0.003029224399963275,0.003029224399963275
114,0.01815748143195174,0.017477959547887043,0.0006795218840646988,0.0006795218840646988
115,0.018914043794232428,0.017954835919949244,0.0009592078742831842,0.0009592078742831842
116,0.01847756422750814,0.018425102910338054,5.246131717008551e-05,5.246131717008551e-05
117,0.01722632946302275,0.018013422514454938,0.0007870930514321875,0.0007870930514321875
118,0.0161205851123937,0.016738463466071746,0.0006178783536780474,0.0006178783536780474
119,0.01632427391183397,0.015744446912085514,0.0005798269997484562,0.0005798269997484562
120,0.015364022750113013,0.015950879714400693,0.0005868569642876794,0.0005868569642876794
121,0.01603328753401778,0.015044664445754183,0.0009886230882635988,0.0009886230882635988
122,0.028050979426977533,0.015521493092453958,0.012529486334523575,0.012529486334523575
123,0.02377349798842117,0.02749570395778342,0.0037222059693622495,0.0037222059693622495
124,0.02313332962225661,0.023267958361094687,0.00013462873883807874,0.00013462873883807874
125,0.023366117614488854,0.022741487520343162,0.0006246300941456923,0.0006246300941456923
126,0.02444276277232594,0.022998031239217745,0.0014447315331081942,0.0014447315331081942
127,0.029040329781490466,0.02407806666682899,0.004962263114661476,0.004962263114661476
128,0.027527207831980857,0.028511391867876074,0.0009841840358952164,0.0009841840358952164
129,0.029273117773722712,0.027079236250795877,0.0021938815229268355,0.0021938815229268355
130,0.029127624584814618,0.029104499784228743,2.312480058587474e-05,2.312480058587474e-05
131,0.02982599133656312,0.028872558404050896,0.0009534329325122243,0.0009534329325122243
132,0.03218297045167757,0.029509531704181843,0.0026734387474957252,0.0026734387474957252
133,0.03244485763670179,0.031889156441938155,0.0005557011947636345,0.0005557011947636345
134,0.027934585430861414,0.03207543226732283,0.004140846836461418,0.004140846836461418
135,0.025723096729603302,0.02756283369324583,0.0018397369636425284,0.0018397369636425284
136,0.023191525232788786,0.025381052193781853,0.002189526960993067,0.002189526960993067
137,0.022929638047764572,0.02275119804948221,0.000178439998282362,0.000178439998282362
138,0.0192632257825808,0.022558365217610468,0.0032951394350296676,0.0032951394350296676
139,0.020077983755393658,0.018669088533278116,0.0014088952221155415,0.0014088952221155415
140,0.022464062063300073,0.019729955929272278,0.002734106134027796,0.002734106134027796
141,0.020543559739858157,0.022049362527919045,0.001505802788060888,0.001505802788060888
142,0.022114880074951708,0.01988315423858096,0.0022317258363707473,0.0022317258363707473
143,0.023307919228904912,0.021595635927171092,0.0017122833017338204,0.0017122833017338204
144,0.022231274071067827,0.02276034128905073,0.0005290672179829037,0.0005290672179829037
145,0.021096433302698565,0.021637390806537052,0.0005409575038384865,0.0005409575038384865
146,0.022987836433348514,0.020786179477074007,0.0022016569562745072,0.0022016569562745072
147,0.021183728106022717,0.022545297012197096,0.001361568906174379,0.001361568906174379
148,0.020834546117674345,0.020620192908763504,0.00021435320891084048,0.00021435320891084048
149,0.023889891984537295,0.020457279290084285,0.0034326126944530105,0.0034326126944530105
150,0.022638654445000142,0.023350242151561895,0.0007115877065617532,0.0007115877065617532
151,0.022464062063300073,0.02215210142858992,0.0003119606347101525,0.0003119606347101525
152,0.025053831945698532,0.022044072447331378,0.003009759498367154,0.003009759498367154
153,0.025781295115187244,0.024487149818502918,0.0012941452966843264,0.0012941452966843264
154,0.029244018580930745,0.025485609856601088,0.0037584087243296566,0.0037584087243296566
155,0.028574753797025974,0.028759320898944424,0.00018456710191844944,0.00018456710191844944
156,0.03171739446721307,0.028072635198184454,0.0036447592690286162,0.0036447592690286162
157,0.035587498306888884,0.031159193564950893,0.004428304741937991,0.004428304741937991
158,0.03698422626028237,0.03530440940588256,0.0016798168543998085,0.0016798168543998085
159,0.03477274033407602,0.03650886983338515,0.0017361294993091317,0.0017361294993091317
160,0.03704242464586631,0.03415753759897747,0.0028848870468888427,0.0028848870468888427
161,0.035703895078056776,0.03680334789761988,0.0010994528195631056,0.0010994528195631056
162,0.0379735766147953,0.03524937852280319,0.0027241980919921124,0.0027241980919921124
163,0.036373159861961546,0.037672790063841124,0.0012996302018795786,0.0012996302018795786
164,0.03808997338596319,0.03582897615855292,0.002260997227410272,0.002260997227410272
165,0.028545654604234,0.03758488331352909,0.009039228709295091,0.009039228709295091
166,0.029884186947095305,0.027984877503307942,0.0018993094437873628,0.0018993094437873628
167,0.027527207831980857,0.029448557546328025,0.0019213497143471675,0.0019213497143471675
168,0.025810394307979212,0.027014186982344035,0.001203792674364823,0.001203792674364823
169,0.02909852816707441,0.025522520458241812,0.003576007708832596,0.003576007708832596
170,0.02909852816707441,0.028722205508048743,0.00037632265902566575,0.00037632265902566575
171,0.03195018245944532,0.028541980494820027,0.003408201964625296,0.003408201964625296
172,0.034278065156819554,0.031369947336642404,0.00290811782017715,0.00290811782017715
173,0.033987078779003366,0.03367950623994119,0.00030757253906217585,0.00030757253906217585
174,0.045422797916330734,0.03353045351691948,0.011892344399411253,0.011892344399411253
175,0.04865273616489375,0.045275177807427125,0.0033775583574666285,0.0033775583574666285
176,0.047430597818148575,0.04879294113026461,0.0013623433121160364,0.0013623433121160364
177,0.04987487451163893,0.04752548433105111,0.0023493901805878223,0.0023493901805878223
178,0.04519000992409849,0.05033978412637287,0.005149774202274381,0.005149774202274381
179,0.04484083071080188,0.04533090728205154,0.0004900765712496577,0.0004900765712496577
180,0.0436186923640567,0.04473852117687897,0.001119828812822271,0.001119828812822271
181,0.03899202616210021,0.04352946078157627,0.004537434619476061,0.004537434619476061
182,0.03934121092550034,0.038702687107230016,0.0006385238182703215,0.0006385238182703215
183,0.04222196441066322,0.03932528464543793,0.002896679765225292,0.002896679765225292
184,0.04140720366279859,0.041966479650033695,0.0005592759872351041,0.0005592759872351041
185,0.04027236289442933,0.04106463686388005,0.0007922739694507241,0.0007922739694507241
186,0.046819531419827747,0.04001311107847999,0.006806420341347756,0.006806420341347756
187,0.04684863061261972,0.04714316657577067,0.00029453596315094643,0.00029453596315094643
188,0.08016644044514068,0.046998741135359595,0.033167699309781085,0.033167699309781085
189,0.1049292874005489,0.08224078869830458,0.02268849870224432,0.02268849870224432
190,0.09209683753477628,0.11161829345825408,0.0195214559234778,0.0195214559234778
191,0.10332887064771513,0.09426230456570446,0.009066566082010674,0.009066566082010674
192,0.10263050112091487,0.10995537830546778,0.007324877184552908,0.007324877184552908
193,0.11400802464771007,0.1062203803241754,0.007787644323534668,0.007787644323534668
194,0.17796659627733993,0.1183525559780108,0.05961404029932914,0.05961404029932914
195,0.21224465727158184,0.18552647661511418,0.026718180656467666,0.026718180656467666
196,0.4193970543189062,0.22274709339098916,0.19664996092791706,0.19664996092791706
197,1.0,0.42252050713223177,0.5774794928677682,0.5774794928677682
198,0.5521445636797697,0.4795517083177007,0.072592855362069,0.072592855362069
199,0.9344991878027061,0.5467952825095139,0.3877039052931922,0.3877039052931922
200,0.6435139200072209,0.6843234847985816,0.040809564791360775,0.040809564791360775
201,0.2506838084833158,0.6406794364860767,0.38999562800276094,0.38999562800276094
202,0.2576965640933857,0.27271296820605045,0.01501640411266475,0.01501640411266475
203,0.14447418573796364,0.2796433710863455,0.13516918534838188,0.13516918534838188
204,0.1743583740725848,0.14939927094378677,0.024959103128798038,0.024959103128798038
205,0.1633882281446702,0.1910700183551569,0.027681790210486723,0.027681790210486723
206,0.13519175969136218,0.1785747899078734,0.043383030216511215,0.043383030216511215
207,0.1377815267987089,0.14592977429063078,0.00814824749192189,0.00814824749192189
208,0.13749053487078916,0.1496785569511099,0.012188022080320743,0.012188022080320743
209,0.14127335223229612,0.14868488641111285,0.007411534178816737,0.007411534178816737
210,0.13286386866883265,0.15326232664809844,0.02039845797926579,0.02039845797926579
211,0.12247569549655041,0.14387408640827815,0.021398390911727738,0.021398390911727738
212,0.10719896893728742,0.13104189682672185,0.02384292788943443,0.02384292788943443
213,0.10690798810957476,0.1139319135103041,0.007023925400729339,0.007023925400729339
214,0.12265029065330224,0.1104550765481116,0.012195214105190644,0.012195214105190644
215,0.11965314594707499,0.13226291761567316,0.012609771668598169,0.012609771668598169
216,0.2556596538985689,0.12389523864243049,0.13176441525613838,0.13176441525613838
217,0.30518535890959236,0.26659584768591016,0.038589511223682205,0.038589511223682205
218,0.28484547270638977,0.32522641622780313,0.04038094352141336,0.04038094352141336
219,0.33914333433322613,0.29538312278018225,0.04376021155304388,0.04376021155304388
220,0.3326834578361001,0.35533168864685644,0.022648230810756342,0.022648230810756342
221,0.3501425739038292,0.3425484526406744,0.007594121263154785,0.007594121263154785
222,0.37391608715503505,0.35868715833798825,0.015228928817046794,0.015228928817046794
223,0.3896001913131786,0.3815322044297287,0.008067986883449896,0.008067986883449896
224,0.5547634133295979,0.395672474686939,0.15909093864265889,0.15909093864265889
225,0.7072396758941009,0.5493604244623429,0.15787925143175796,0.15787925143175796
226,0.7599080271254149,0.694831717232056,0.065076309893359,0.065076309893359
227,0.7453587637356407,0.7283701833850155,0.016988580350625226,0.016988580350625226
228,0.7584531007864376,0.7203769264100103,0.038076174376427296,0.038076174376427296
229,0.6293720342163271,0.7446870558302222,0.11531502161389506,0.11531502161389506
230,0.5945410941091412,0.626344066860422,0.031802972751280745,0.031802972751280745
231,0.5993132507249541,0.5894882861385018,0.009824964586452323,0.009824964586452323
232,0.5758598452447705,0.5952936671873663,0.019433821942595797,0.019433821942595797
233,0.5715532757136292,0.570622800810006,0.0009304749036231907,0.0009304749036231907
234,0.5547343307871164,0.5668041812713212,0.012069850484204725,0.012069850484204725
235,0.5176627916856734,0.5498212042706634,0.03215841258498997,0.03215841258498997
236,0.3389687280762672,0.5131833960062246,0.17421466792995743,0.17421466792995743
237,0.5234824970415831,0.34847978737081764,0.17500270967076548,0.17500270967076548
238,0.5154804021772074,0.5186858489029486,0.00320544672574119,0.00320544672574119
239,0.5163533668607594,0.5103880645931408,0.0059653022676186,0.0059653022676186
240,0.554647038758844,0.5109764680979875,0.043670570660856556,0.043670570660856556
241,0.5411453241091667,0.5498073788805181,0.008662054771351402,0.008662054771351402
242,0.5458883537816699,0.5356608426152666,0.010227511166403302,0.010227511166403302
243,0.532794016730873,0.5411805794158308,0.008386562684957743,0.008386562684957743
244,0.5256648865500493,0.5277655807541892,0.0021006942041399412,0.0021006942041399412
245,0.5066635521150704,0.5208390019850123,0.014175449869941903,0.014175449869941903
246,0.4842285684316741,0.5022350595038652,0.018006491072191044,0.018006491072191044
247,0.44960133932434265,0.48125121527891496,0.031649875954572304,0.031649875954572304
248,0.3993481711438304,0.4506044348444704,0.05125626370063996,0.05125626370063996
249,0.39905721251653187,0.40712626291786,0.00806905040132816,0.00806905040132816
250,0.4733748303751344,0.4044074922663545,0.06896733810877992,0.06896733810877992
251,0.4440144275107687,0.4714519779859392,0.02743755047517049,0.02743755047517049
252,0.43892218532434774,0.4455320331288801,0.006609847804532387,0.006609847804532387
253,0.46708953793455316,0.4398164406083009,0.02727309732625227,0.02727309732625227
254,0.4500960089514956,0.4661896743150622,0.0160936653635666,0.0160936653635666
255,0.4500377994657046,0.4509938351671436,0.0009560357014389842,0.0009560357014389842
256,0.4286794914657147,0.45087767447923155,0.022198183013516837,0.022198183013516837
257,0.4287085740081961,0.43209334698244506,0.0033847729742489396,0.0033847729742489396
258,0.4803584590418948,0.43105826294112326,0.04930019610077152,0.04930019610077152
259,0.5060815904596451,0.47731426692655976,0.02876732353308531,0.02876732353308531
260,0.5084385640246559,0.5014588980186333,0.006979666006022622,0.006979666006022622
261,0.501484017900377,0.503943766710125,0.0024597488097479747,0.0024597488097479747
262,0.4939183831773632,0.49777260464286827,0.00385422146550507,0.00385422146550507
263,0.4607751629514905,0.4899160956452413,0.029140932693750787,0.029140932693750787
264,0.4564976759628306,0.46065066440704805,0.004152988444217465,0.004152988444217465
265,0.45286036011538705,0.45669009714900294,0.0038297370336158876,0.0038297370336158876
266,0.4573124311605917,0.452267743217302,0.005044687943289716,0.005044687943289716
267,0.45760343418871846,0.45673554684996037,0.0008678873387580888,0.0008678873387580888
268,0.4055461715561393,0.45716868968768815,0.051622518131548834,0.051622518131548834
269,0.41631261758440663,0.4099573122553921,0.006355305329014516,0.006355305329014516
270,0.41011461717209774,0.42194901236257176,0.011834395190474023,0.011834395190474023
271,0.4674678329909523,0.4144031975994702,0.053064635391482096,0.053064635391482096
272,0.4541407023978197,0.4665325330679706,0.012391830670150927,0.012391830670150927
273,0.5143164788663567,0.4535626708005377,0.06075380806581898,0.06075380806581898
274,0.5145201454653828,0.5093038108093062,0.005216334656076627,0.005216334656076627
275,0.4800675004145962,0.5101212221638985,0.03005372174930232,0.03005372174930232
276,0.48489786651620004,0.477040787921682,0.007857078594518063,0.007857078594518063
277,0.503229902866653,0.481628740376043,0.02160116249061006,0.02160116249061006
278,0.5125996320417339,0.4987999078743873,0.013799724167346539,0.013799724167346539
279,0.5982074924990662,0.5077143025068271,0.0904931899922391,0.0904931899922391
280,0.6946109259279756,0.5926816834369073,0.10192924249106827,0.10192924249106827
281,0.7282779427243108,0.6844979533315552,0.043779989392755625,0.043779989392755625
282,0.6347843619733563,0.7238859453724507,0.08910158339909435,0.08910158339909435
283,0.7134085937639283,0.6295720868914689,0.08383650687245936,0.08383650687245936
284,0.8100738588768266,0.6990995137269886,0.11097434514983795,0.11097434514983795
285,0.7400628105493653,0.7640808554156806,0.024018044866315313,0.024018044866315313
286,0.7114880803402793,0.7322469150169403,0.020758834676660953,0.020758834676660953
287,0.8035849442380474,0.6977551292340823,0.10582981500396504,0.10582981500396504
288,0.8617528708538348,0.7394335879108831,0.12231928294295169,0.12231928294295169
289,0.8692020866052668,0.7258966277940813,0.1433054588111855,0.1433054588111855
290,0.6300994973858158,0.7521928941859861,0.12209339680017028,0.12209339680017028
291,0.6677820806851655,0.625115072331754,0.04266700835341153,0.04266700835341153
292,0.6564336730014729,0.6648017983246267,0.008368125323153786,0.008368125323153786
293,0.6362392883123337,0.6537172272173591,0.01747793890502547,0.01747793890502547
294,0.6376069226230388,0.6314905045885335,0.006116418034505244,0.006116418034505244
295,0.6394110170751057,0.6329439752165703,0.006467041858535416,0.006467041858535416
296,0.6109817883800831,0.6366134516239778,0.025631663243894653,0.025631663243894653
297,0.5718442343409278,0.6074380303386131,0.03559379599768531,0.03559379599768531
298,0.6301285799282973,0.5670512961284484,0.0630772837998489,0.0630772837998489
299,0.6270441431937976,0.625332517117602,0.0017116260761956825,0.0017116260761956825
300,0.6065878824198413,0.6239425363079686,0.01735465388812729,0.01735465388812729
301,0.598440286041402,0.6030359585552384,0.004595672513836413,0.004595672513836413
302,0.6093231510412513,0.5937446376168597,0.015578513424391649,0.015578513424391649
303,0.6024268144027634,0.6056633504848252,0.0032365360820618694,0.0032365360820618694
304,0.611912918148598,0.5977278788016499,0.014185039346948147,0.014185039346948147
305,0.5834545625102658,0.6083337092336155,0.024879146723349677,0.024879146723349677
306,0.5790024914650611,0.577806955387057,0.0011955360780041557,0.0011955360780041557
307,0.5694872607759169,0.574120980813324,0.00463372003740703,0.00463372003740703
308,0.54358958970245,0.5650564583684511,0.021466868666001115,0.021466868666001115
309,0.5456846871826437,0.5378056647240272,0.007879022458616491,0.007879022458616491
310,0.5452481826404536,0.540000583197363,0.0052475994430906114,0.0052475994430906114
311,0.5394866867703348,0.5402440236868501,0.0007573369165152499,0.0007573369165152499
312,0.5127451335557972,0.5346111149806472,0.021865981424849967,0.021865981424849967
313,0.47654655913790644,0.5083467582089258,0.031800199071019386,0.031800199071019386
314,0.4742187125162051,0.47430710975836665,8.839724216153089e-05,8.839724216153089e-05
315,0.4806785446125029,0.47190954225326376,0.008769002359239164,0.008769002359239164
316,0.49362742455006464,0.4776270871588333,0.016000337391231356,0.016000337391231356
317,0.5451026811263902,0.48930174513640223,0.05580093598998792,0.05580093598998792
318,0.5294767864540376,0.5400247657746786,0.010547979320640999,0.010547979320640999
319,0.5092242366799357,0.5245409251088893,0.015316688428953618,0.015316688428953618
320,0.5136180982393493,0.5043129309145231,0.009305167324826225,0.009305167324826225
321,0.5240353761545271,0.5083985311107491,0.015636845043778047,0.015636845043778047
322,0.5083221450530739,0.5192444163709797,0.010922271317905796,0.010922271317905796
323,0.4809113381548387,0.5039236877706249,0.023012349615786187,0.023012349615786187
324,0.4685153817310492,0.47780398041034516,0.00928859867929599,0.00928859867929599
325,0.45763251673119987,0.4667875136152318,0.00915499688403193,0.00915499688403193
326,0.4475353243866303,0.4577112528507814,0.010175928464151107,0.010175928464151107
327,0.4332770640249828,0.448177907162436,0.014900843137453212,0.014900843137453212
328,0.4159634494713171,0.4360619901156764,0.02009854064435934,0.02009854064435934
329,0.43528486947690415,0.41929784564490813,0.015987023831996017,0.015987023831996017
330,0.43042542083281893,0.4378414478693653,0.007416027036546369,0.007416027036546369
331,0.45766164367450946,0.43229677503460695,0.025364868639902505,0.025364868639902505
332,0.451609144776264,0.45765245527259246,0.006043310496328447,0.006043310496328447
333,0.4508234721209843,0.45195935273908255,0.0011358806180982728,0.0011358806180982728
334,0.46121166749368064,0.4507460762747208,0.010465591218959847,0.010465591218959847
335,0.4617063371208336,0.46032154262067904,0.0013847945001545514,0.0013847945001545514
336,0.4658091956521205,0.4602323450021445,0.005576850649975984,0.005576850649975984
337,0.46470348182706084,0.464355493768677,0.0003479880583838191,0.0003479880583838191
338,0.4457894394203543,0.4640559963534217,0.01826655693306739,0.01826655693306739
339,0.43371352416634473,0.4470944007124978,0.013380876546153053,0.013380876546153053
340,0.4523366079457527,0.43524320614552453,0.01709340180022817,0.01709340180022817
341,0.4686026737593216,0.4518554465455875,0.01674722721373406,0.01674722721373406
342,0.6007099675781405,0.466705391520303,0.13400457605783755,0.13400457605783755
343,0.569749136860734,0.5965870489295746,0.026837912068840564,0.026837912068840564
344,0.5859570375893401,0.5646057558277734,0.021351281761566754,0.021351281761566754
345,0.5851713649340604,0.5799428663570456,0.005228498577014795,0.005228498577014795
346,0.5975382388153685,0.5801554114581179,0.017382827357250608,0.017382827357250608
347,0.6238433318885442,0.5927307428775339,0.031112589011010328,0.031112589011010328
348,0.6085083958434903,0.620806277591118,0.012297881747627692,0.012297881747627692
349,0.6101088236965311,0.6031148720285872,0.006993951667943921,0.006993951667943921
350,0.5787696979227254,0.6063345801028308,0.027564882180105443,0.027564882180105443
351,0.5678577503803947,0.5744998598306964,0.0066421094503017475,0.0066421094503017475
352,0.5672757887249693,0.5625754064458943,0.004700382279074988,0.004700382279074988
353,0.5683815025500291,0.5620192022426858,0.006362300307343305,0.006362300307343305
354,0.5428621265329613,0.5637611194690796,0.0208989929361183,0.0208989929361183
355,0.5806610844030647,0.5373015761773872,0.04335950822567758,0.04335950822567758
356,0.568556131007402,0.575768758142676,0.007212627135274041,0.007212627135274041
357,0.5839201495949373,0.5634225344475617,0.02049761514737558,0.02049761514737558
358,0.5893033504086569,0.5789797896180247,0.010323560790632236,0.010323560790632236
359,0.5852295744198515,0.5836446280050375,0.0015849464148139925,0.0015849464148139925
360,0.548070743290136,0.5805462432446413,0.03247549995450527,0.03247549995450527
361,0.5415235747647377,0.5429984754386432,0.0014749006739055437,0.0014749006739055437
362,0.5420764538776816,0.5358455491421946,0.006230904735486931,0.006230904735486931
363,0.5452773095837632,0.536785155013985,0.008492154569778143,0.008492154569778143
364,0.5275853999736982,0.5401795668895921,0.012594166915893878,0.012594166915893878
365,0.5401559404540326,0.521766466911794,0.018389473542238632,0.018389473542238632
366,0.508496773510447,0.5351758951473302,0.02667912163688324,0.02667912163688324
